Redshift, Peak Luminosity, Isotropic Energy Catalog
        1194 Bursts
Burst #   z     L_B       E_iso
  105   1.883    89.635    45.544
  107   4.128    22.639     8.015
  108   0.555     1.088     1.203
  109   2.170    89.037   655.548
  110   2.117    11.490    32.964
  111   0.605     0.223     4.757
  114   4.396    33.527    74.204
  121   1.514    10.006    99.593
  130   1.900    48.444   340.354
  133   0.781     1.175     9.160
  142   2.669   142.274   121.204
  143   0.354    25.778    91.420
  148   2.107    18.514    22.167
  171   1.733     4.287    13.718
  179   2.358    93.064    14.331
  204   0.738     1.486     2.983
  211   1.415     2.743     7.751
  214   2.973    26.511    23.988
  219   0.986    44.694    82.778
  222   1.566    27.668    43.996
  223   3.929    26.369     8.496
  226   2.165    30.536   437.115
  228   1.845     9.932     4.011
  249   0.452    20.472    78.065
  257   3.440   149.024   888.403
  269   1.422     7.645     4.135
  288   1.435     2.664    28.532
  332   0.905     1.483     8.618
  351   1.279     6.849   147.477
  394   2.609   156.782  1100.925
  401   2.189     5.966     2.259
  404   2.194    14.747    59.255
  408   3.417    66.886   154.061
  414   2.711    24.052     9.722
  451   0.479     3.105    12.453
  469   1.135    28.543    35.771
  472   6.104    96.282   232.861
  473   0.963     1.005     2.605
  493   3.781    54.985    19.057
  501   1.268     4.661     2.691
  503   1.549   107.609    34.885
  526   2.244    13.221     7.155
  540   6.862   193.402    22.902
  543   0.703    10.063     9.955
  548   0.801     3.357    10.310
  563   0.562     1.025     5.423
  577   0.825     0.942     5.301
  591   1.428     4.390    16.443
  594   4.018   117.566   152.603
  606   1.653    12.393    21.350
  612   1.033     7.967    19.760
  630   0.626     0.337     1.210
  647   0.346     1.254     6.219
  658   0.880     1.682     6.086
  659   0.472     0.250     4.321
  660   1.338    30.596    33.750
  666   3.054    62.625     8.555
  673   0.419     0.102     0.472
  676   1.454    34.286   224.958
  678   1.563   481.485  1541.978
  680   1.471     3.498     4.412
  685   4.756   101.048    48.444
  686   1.900    12.869    19.751
  692   1.879     7.568    37.364
  711   2.160    24.484     3.159
  727   1.305     3.281     6.076
  752   1.396     5.694     3.606
  755   3.559    57.387    18.755
  761   0.918     8.469    73.752
  764   0.589     0.397     2.092
  773   1.368     2.994    12.472
  795   2.270    17.830    43.622
  803   1.613     8.282    11.293
  815   6.187    88.600   136.137
  816   1.251     1.370    12.536
  820   1.974    10.532    44.372
  824   0.339     0.107     0.737
  829   0.256     0.261     1.601
  840   1.913    30.494    37.239
  841   2.779   131.681   101.264
  845   0.945     3.655     3.148
  867   3.511   280.339   105.023
  869   2.019    79.639   183.721
  907   0.522     1.767    11.376
  914   1.209     6.553     7.489
  927   1.900     6.590     5.540
  938   3.982    61.432    63.767
  942   1.563     5.797     5.165
  946   0.844     1.420     3.075
  973   0.475     3.099    25.709
  974   0.900     1.427     2.348
  999   0.641    15.192    12.076
 1009   1.015     3.274    28.404
 1025   1.164    36.926    25.774
 1036   6.924   194.570   383.986
 1039   0.469     0.444     1.372
 1042   2.316    13.068    25.436
 1046  11.692   739.781   869.223
 1085   0.102     0.198     1.415
 1086   1.123     0.794     2.638
 1087   2.385     9.088    18.315
 1110   0.903     0.795     2.346
 1114   3.410   124.151    34.454
 1122   1.105    28.232    79.603
 1125   3.040    10.846    14.254
 1126   0.862     1.681     4.319
 1141   0.850    19.634   108.713
 1145   8.288   418.288    48.483
 1148   2.285    41.236   136.937
 1150   1.438     9.274    35.390
 1152   1.335     2.213    15.144
 1153   4.260    31.426    13.084
 1156   1.435     6.409   194.116
 1157   1.729    93.580   162.298
 1159   2.047    43.935    24.743
 1167   1.338     1.872     1.833
 1190   3.929   224.729    62.871
 1192   2.966    21.469    24.388
 1197   7.161   293.061   241.593
 1200   0.610     0.659     3.642
 1212   1.961    12.691    77.892
 1218   3.410    47.982    42.600
 1221   1.193     3.092     2.408
 1235   1.883    28.430    88.160
 1244   2.933    24.079    58.167
 1279   2.037    14.189    18.263
 1288   1.242    37.948   144.456
 1291   4.756   403.495   186.102
 1303   2.098    42.678   150.709
 1306   1.133     1.506     2.590
 1321   1.657    17.453    91.069
 1328   1.262     6.058    20.504
 1346   9.679  1033.065    97.007
 1365   1.714    13.898    24.611
 1382   6.970   129.689    56.125
 1385   6.501  1748.621  6043.705
 1388   1.477     4.915     4.450
 1396   5.929   334.110   145.929
 1404   1.151     2.032     0.547
 1406   0.437     0.567     4.947
 1413   1.796    13.755    19.426
 1416   7.609   549.398    33.776
 1419   1.467    25.229   119.014
 1422   8.477   729.293   947.570
 1425   3.656   422.929   297.627
 1432   1.305     1.828    11.760
 1439   4.799    75.157    43.283
 1440   2.609   282.113   226.627
 1446   0.585     0.513     2.412
 1449   3.472    83.263   116.929
 1452   1.900     7.913    10.727
 1456   2.417     8.974    37.487
 1458   1.054     0.951     5.928
 1459   0.852     0.684     5.586
 1467   0.532     1.036     7.219
 1468   2.401   169.093   437.546
 1472   1.308     5.020    22.361
 1473   1.093    70.114   443.643
 1515   1.602     5.179    36.375
 1533   2.275    42.772   135.866
 1540   8.325   263.213   192.221
 1541   1.375   204.660   669.543
 1552   0.742     0.326     2.178
 1558   2.412    10.162    18.359
 1559   0.681     1.058     6.641
 1561   0.639     0.472     1.817
 1567   1.273     1.529     9.562
 1574   4.997    84.555   369.142
 1578   1.093     6.987    39.135
 1579   4.298   466.991   633.168
 1580   3.607    96.161   124.256
 1586   0.701     0.893     6.055
 1590   1.887     5.693    26.880
 1601   3.559   337.423   530.548
 1606   2.088    94.487   644.816
 1609   0.536    24.923    34.685
 1614   2.311    12.695    56.571
 1623   3.487   239.468   811.716
 1625   0.324     8.154    30.219
 1626   2.760   101.491    22.519
 1636   3.955    56.512    16.035
 1637   4.713   100.474    14.222
 1642   0.541     0.235     1.761
 1651   1.003     5.787    14.075
 1652   1.552    21.316   150.552
 1653   4.864    75.804    99.795
 1655   0.561     0.231     2.480
 1656   4.975   117.373   179.252
 1657   0.834     0.459     1.881
 1660   3.575    68.703   113.541
 1661   1.507     1.949    30.024
 1663   0.896    55.743   356.605
 1664   1.620    52.249    27.340
 1676   2.337   222.497   448.010
 1693   3.833    37.649    17.232
 1700   1.329     5.478     8.936
 1701   9.295  1004.469    56.785
 1709   1.093    27.098    33.110
 1712   1.584    20.982   162.956
 1714   0.501     0.095     0.977
 1717   0.957     4.834    11.501
 1730   2.900    15.674    36.163
 1733   0.677     5.199    37.260
 1734   5.122   136.936    60.535
 1742   1.164     2.997    10.511
 1806   0.856     0.796     2.956
 1815   3.387   163.177   263.239
 1819   2.723   109.042    63.492
 1883   0.520     1.949     6.360
 1885   0.414     0.147     1.469
 1886   0.621    22.279    99.165
 1922   2.155    29.568    25.258
 1924   1.120     4.239    18.245
 1956   1.961    21.163    50.891
 1967   2.175    25.859    49.054
 1974   0.381     1.819     2.744
 1982   0.780     3.123    41.914
 1989   0.672     1.466    85.751
 1991   3.543    45.780     6.445
 1993   0.941     1.936     5.739
 2018   0.662     0.673     2.693
 2035  23.581  4343.994    65.028
 2037   2.112   210.907   136.406
 2044   0.896     1.960     7.425
 2047   2.651    36.253    37.529
 2067   0.521     8.218    62.716
 2069   1.335     2.961     1.774
 2074   2.290    20.140   138.040
 2077   0.374     0.080     0.874
 2079   2.953    36.209    31.308
 2080   2.155    88.723   360.133
 2081   1.497    13.040    31.058
 2083   0.268     4.156    14.767
 2087   4.567   218.583   118.734
 2090   1.146    29.749    54.133
 2093   3.464    37.470    82.793
 2099   2.385    17.653    10.932
 2101   1.580     3.197    33.395
 2102   0.883     1.849     5.029
 2105   1.605     6.175     4.908
 2106   0.426     0.356     5.783
 2110   0.847    10.709    75.926
 2111   1.201     2.364    17.060
 2112   1.196     3.095    75.890
 2122   2.687    53.106   682.958
 2129   1.660     5.685     4.463
 2140   0.563     0.328     1.048
 2142   1.153     5.074     1.765
 2149   0.402     0.307     5.677
 2152   0.999     2.910     0.956
 2156   0.910    43.372   367.945
 2181   2.557    16.014    37.280
 2188   1.768     6.581    35.131
 2189   0.458     0.183     0.970
 2190   4.547   148.027   396.514
 2191   8.669   431.389   443.124
 2193   0.276     0.196     5.077
 2197   0.432     0.246     1.951
 2202   2.894    19.653    12.585
 2203  21.894  4113.618   256.617
 2211   3.180    58.476   317.831
 2213   2.093    75.667    97.044
 2219   3.349    51.131    41.611
 2228   1.326    31.647   128.365
 2232   2.687   117.849   194.343
 2240   0.666     0.489     2.222
 2244   1.151     0.966    11.016
 2252   0.773     0.627     3.637
 2253   3.964   135.950    77.354
 2254   0.949     3.566     3.153
 2267   1.242     5.066    15.999
 2271   6.342   349.302   635.817
 2276   1.050     1.973    82.483
 2277   1.362     4.739    20.819
 2287   2.946    61.343   714.323
 2298   2.199     7.618    53.153
 2304   2.540    14.134    43.793
 2306   6.173   180.285   198.629
 2309   2.363    54.271    81.246
 2310   4.986    46.923    65.754
 2315   2.051    14.238    68.949
 2316   2.760   109.872   909.820
 2321   1.702    68.217    68.806
 2324   1.073     1.432    26.168
 2328   7.888   404.405   686.098
 2329   0.320    17.752    96.707
 2340   2.615    20.792    62.819
 2345   0.613     1.413     5.394
 2346   4.975   230.745   234.578
 2349   2.122     4.140     4.587
 2362   1.390    19.765     9.996
 2368   0.750     0.520     1.734
 2371   1.804    39.543   147.816
 2375   2.103    32.003    65.007
 2380  17.564  3502.820   696.611
 2381   0.862     1.582     0.964
 2385   0.844     0.778     2.120
 2387   0.326     0.433     5.845
 2391   0.824     0.446     7.233
 2392   1.623     3.828     8.735
 2393   0.181     0.192     0.390
 2405   2.311    16.188    24.496
 2423   1.448     2.260     4.626
 2428   1.226    10.505    54.957
 2429   2.056    17.580   175.246
 2430   2.687    15.468    52.631
 2431   0.907    55.991    39.692
 2432   1.093     2.921    12.716
 2435   1.288     5.495    41.403
 2436  11.152  5617.212  2280.328
 2437   1.128     1.634     3.075
 2438   5.157   305.199   103.652
 2441   1.237     1.400    21.215
 2442   1.638     2.649     2.298
 2446   3.885   197.723   265.081
 2450   1.545    46.026   164.448
 2451   2.112    42.827    86.954
 2453   5.310   195.097    55.088
 2458   1.347    11.460     7.197
 2460   5.915   150.337    31.355
 2476   8.708   602.409   912.240
 2477   0.706     1.086     3.165
 2482   0.642     0.604     4.482
 2484   0.659     0.970     2.886
 2495  15.244  1424.898   517.131
 2500   0.684     0.909    12.560
 2505   3.238    30.661    49.728
 2508   3.159    42.784   111.770
 2509   0.647     1.892     8.839
 2510   1.642     3.849    27.975
 2511   1.687    12.915     8.870
 2519   0.665     0.996     7.056
 2522   2.155    60.255   237.904
 2528   0.958     1.052     1.889
 2533   1.866   169.831  1720.293
 2537   1.323    90.686    88.454
 2541   3.591    68.888   147.810
 2551   1.285     2.516     3.986
 2560   0.918     2.278    14.186
 2569   2.103    10.879    16.993
 2570   9.254  1001.348  1055.140
 2585   2.074     5.800     0.894
 2586   1.609    46.909    94.182
 2589   0.847     1.093     3.155
 2593   3.068    45.102    86.449
 2600   0.742     1.233     6.086
 2608  36.806  6042.662     0.000
 2611   0.308     5.982     6.455
 2619   1.837     5.299   168.327
 2620   0.624     0.717     2.092
 2628   3.349   180.873    99.976
 2632   8.592   596.850    76.890
 2634   1.545    10.669    52.821
 2636   1.329     2.691     6.271
 2640   4.557    88.149   132.774
 2641   2.395     7.193    38.245
 2660   0.514     0.388     1.293
 2662   0.777     1.380     6.423
 2663   2.887    16.610    30.179
 2665   0.469     0.666     3.475
 2671   0.635     0.275     0.873
 2680   2.047    12.246    25.847
 2681   2.337    33.841    92.381
 2688   0.943     1.967     7.343
 2691   2.265    29.479   134.105
 2695   0.449     0.188     3.148
 2696   0.895     1.183    15.882
 2700   0.927     6.783    51.445
 2703   4.908   411.645  1004.505
 2709   1.118     8.017    24.302
 2711   0.456     0.431     2.863
 2736   2.254    73.668    85.592
 2749   1.979    13.135    21.171
 2750   2.280     8.696     9.501
 2751   0.898     0.493     3.446
 2753   3.519    48.889    75.738
 2760   0.673     1.169     4.034
 2767   9.833   470.649    17.759
 2770   1.796    11.467   484.410
 2776   1.156     2.772     0.732
 2793   6.457  1740.804   969.740
 2797   1.809    81.148   165.038
 2798   0.611    29.452   223.724
 2799   2.959   150.843    76.714
 2812   1.029    26.456    70.628
 2831   0.701    71.416   847.450
 2843   2.170    32.533    41.340
 2848   2.874    10.726    14.846
 2850  22.092  1865.967    30.572
 2851   3.238    20.973     6.645
 2855   4.203   828.655  3725.816
 2857   2.122    11.811    13.488
 2862  11.718   532.247    43.120
 2863   0.246     0.153     3.228
 2877   1.892    31.320   121.419
 2880   1.368    11.725     8.526
 2889   3.319   399.259  1483.375
 2890  10.102  2361.734  5653.155
 2891   1.226    63.038   395.726
 2893   1.372     2.657     1.051
 2894   1.477    47.446    68.614
 2897   1.668    13.954    54.984
 2898  35.426  5872.776     0.000
 2913   2.953   105.454   114.993
 2916   5.969   176.327   173.883
 2919   0.927    14.884    57.422
 2922   2.199    29.884   186.587
 2924   0.420     0.151     2.468
 2925   3.417    66.886    42.640
 2927   2.056     6.129    13.625
 2929   2.861   366.397  1510.188
 2931   2.557    17.102    55.209
 2932   1.265     2.310     7.556
 2944  17.251  3457.431   347.280
 2945   1.970    19.415     8.799
 2947   0.507     0.204     1.202
 2948   2.042     4.711   103.097
 2950   3.223    32.184    67.760
 2958   1.156     8.776    54.304
 2961   2.417    18.443   157.516
 2980   1.862    10.763     2.927
 2984   2.913   300.153   626.264
 2985   4.724    54.658    67.515
 2986   1.584     3.433     4.269
 2990   1.484     3.890     2.667
 2993   3.123   385.329  1337.474
 2994   1.365   251.647   510.651
 2998   2.478    23.940    41.269
 3001   2.568    90.527    91.529
 3003   0.373     0.839    19.422
 3005   0.717     0.748     5.784
 3011   2.461    50.596   138.724
 3012   3.773    59.444    32.763
 3015   2.185    22.377    66.069
 3017   3.902    48.534   230.738
 3026  11.984   752.831   254.762
 3028   8.515   426.093    27.408
 3029   3.756    87.292   247.274
 3032   3.075    50.574    94.847
 3035   2.311   118.990   745.979
 3039   1.115    21.136    28.869
 3040   0.858     2.811     6.062
 3042   0.942    15.674   162.619
 3055   0.522     0.476     5.873
 3057   0.590    32.090   702.879
 3067   5.134  3325.698  3692.547
 3068   5.443    98.734    36.466
 3070   5.020   118.050   308.936
 3071   0.718     1.025    55.492
 3072   5.902   175.031   117.113
 3074   0.885     0.535     2.632
 3075   4.119   139.182   155.676
 3076   1.090     3.291    31.883
 3084   2.563    56.720    75.991
 3085   3.964    61.263   112.029
 3088   1.725     3.731     9.031
 3091   3.123    26.076    43.137
 3093   3.448    82.930   143.619
 3096   1.204     6.744    10.404
 3100   0.701     0.712     7.063
 3101   1.850    18.809    90.725
 3102   1.341     5.154    42.943
 3103   1.338     2.339     8.839
 3109   1.825    10.124    41.769
 3115   1.646    91.378   175.592
 3119   0.243     0.057     1.071
 3120  31.234  5347.375   227.183
 3127   0.607     0.423     1.795
 3128   1.448    94.390   572.730
 3129   8.689   194.696   137.148
 3130   0.516     0.221     0.748
 3131   1.059     5.743    18.580
 3132   1.511     5.707    10.225
 3134   1.566     2.952    11.344
 3135   1.438     5.769     7.280
 3138   0.401     4.815     4.514
 3141   1.866     5.122     1.322
 3143   0.811     3.392    10.715
 3146   2.791    28.152    42.232
 3155   0.864     3.085    10.931
 3156   1.338     1.884    44.769
 3159   2.748    25.352    15.078
 3160   2.467    32.743     9.080
 3166   7.626   155.546    75.039
 3168   1.262     1.691    10.129
 3174   0.536     0.186     5.724
 3177   7.713   683.784   193.559
 3178   1.138    85.095   334.188
 3193   1.528     4.297    23.730
 3212   2.842    46.496   183.686
 3217   3.274    38.448   134.907
 3220   0.344     0.187     4.656
 3227   0.717    23.282   136.747
 3229   2.316    11.169    12.430
 3237   1.347     7.890    21.816
 3241   0.833    22.084    93.241
 3242   0.450     1.014     2.689
 3245   1.146    47.421   892.687
 3247   1.833    12.640   295.972
 3255   0.968    21.211    41.107
 3256   0.505     0.653     2.710
 3257   0.437     0.845     7.075
 3267   1.042     1.164     6.583
 3269   2.024   136.888   169.695
 3279   3.319    50.861    68.181
 3283   2.478    46.634    45.504
 3290   0.713     7.168    23.196
 3292   1.721     6.070    61.111
 3303   6.575   614.203   382.409
 3306   3.440   124.815   391.425
 3307   5.346   164.116   179.176
 3321   0.938     1.228     2.831
 3322   5.286   108.110    53.904
 3324   0.633     0.379     0.526
 3330   2.953   373.036   882.466
 3336   4.476   125.707   535.023
 3345   2.358   109.711   412.853
 3350   4.036    53.125   105.917
 3351   3.372   162.744   251.792
 3352   0.506     1.163    53.598
 3356   3.223    49.995    34.907
 3357   3.583    17.229   153.993
 3358   1.078     2.489     8.798
 3364   0.952     1.432    27.582
 3369   1.204     2.337    12.772
 3370   3.297    34.404    30.042
 3378   8.086   572.553   258.472
 3403   0.688     0.377     2.013
 3405   1.602    24.771   113.476
 3407   1.332     6.565    30.959
 3408   1.721   126.261   785.025
 3415   1.156    22.082   110.074
 3416   2.204    19.736    21.889
 3436   2.545    97.019   271.043
 3439   0.462     0.520     5.634
 3448   2.379    39.126   948.002
 3458   1.524    69.428   217.335
 3464   1.992    33.240   275.488
 3465   1.788     4.947    36.755
 3467   5.567   248.078    67.101
 3472   1.507     5.187    15.863
 3480   0.971    66.962    40.630
 3481   0.599    17.558    52.650
 3485   0.734     0.772     8.701
 3488   2.316   165.849   121.316
 3489   3.937   571.829  1478.080
 3491   0.372     5.819    22.080
 3503   0.803     1.618     2.237
 3509   0.754     0.783     4.931
 3511   3.173    53.628    55.147
 3512   0.600     3.126    11.448
 3515   0.751     0.803     1.301
 3516   2.290   108.006   105.948
 3523   0.788    82.012   664.140
 3527   1.088     5.211     8.514
 3528   0.391     0.146     0.211
 3552   0.390     0.126     0.895
 3567   0.805     1.288    40.463
 3588   0.928     2.328    16.333
 3593   1.501   106.052   252.335
 3598   4.735   336.987   110.858
 3608   1.108     4.280     9.452
 3611   2.239    11.244     9.773
 3634   1.471    19.305   232.169
 3637   0.864     2.632     8.037
 3639   7.440   541.101   447.995
 3648   0.590     3.686    14.365
 3649   1.467    24.486    55.310
 3652   2.285    11.366    36.567
 3654   2.180    51.983    85.290
 3655   2.966    20.674    48.189
 3658   0.543     4.691    19.368
 3662   0.793     7.620    54.050
 3663  16.641  7475.264  3757.207
 3664   3.681    69.921   120.744
 3671   1.268     5.551    14.028
 3717   6.472   123.424   211.268
 3740   3.833    28.199    38.910
 3745   3.672    97.207   141.467
 3765   0.836    37.712    89.598
 3771   1.580     8.994    29.857
 3772   3.623    69.261   245.530
 3773   1.566     5.050    70.958
 3776   5.111   673.381   738.595
 3779   1.668     4.208     3.150
 3789   1.627    15.361    19.623
 3792   1.338     2.539     4.293
 3800   3.567    20.034    22.874
 3805   0.846     0.797     3.659
 3811   1.209     7.619    13.031
 3814   4.308   143.115    26.106
 3815   1.833    19.132    11.363
 3819   0.716     0.668     3.616
 3843   0.350     0.285     4.022
 3853   1.613    44.716    30.280
 3860   0.918    15.526   151.082
 3864   2.259    52.981    28.208
 3866   0.607     6.738     4.164
 3869   1.504     5.514     7.261
 3870   0.747    17.259    20.896
 3871   0.810     1.082     9.892
 3875   1.237     9.148     4.270
 3879   1.768    10.491    18.515
 3886   1.776    15.165    15.039
 3891   3.109   496.757   288.192
 3892   1.279     5.770     7.678
 3893   1.185     9.626    66.273
 3899   0.586     0.252     3.027
 3900   6.077   262.726   145.384
 3901   0.984     0.754     3.674
 3905   1.384    21.901    57.601
 3906   2.006    22.985    59.145
 3909   1.467    19.758    14.960
 3912   0.761     3.386    13.263
 3913   0.516     0.458     8.733
 3916   3.575    49.351   254.478
 3917   0.715     1.160    43.567
 3918   0.571     1.139    18.110
 3924   6.487   186.288   121.248
 3926   7.835   560.408   234.525
 3929   1.393    24.647   116.403
 3941   1.481     2.185     3.544
 3954   1.143    44.793    93.393
 4039   3.173   699.737  1760.677
 4146  11.406   404.016   534.706
 4157   0.667     1.696     5.405
 4216   3.599    62.915   146.670
 4251   1.291     1.054     2.281
 4256   4.661    67.752   106.808
 4350   1.083     7.119    41.601
 4368   0.614    30.911   215.283
 4388   1.228     2.802     9.775
 4556   0.847    22.963    68.316
 4653   1.254     4.571    13.817
 4701   1.033    22.427    98.249
 4710   2.001    33.317    39.436
 4745   1.254     9.453    38.602
 5080   3.689   141.710    57.455
 5255   1.587     7.871    19.905
 5304   1.123    60.791   256.673
 5305   7.065   235.484   275.426
 5379   0.718     2.274     6.428
 5387   0.502     0.488     2.359
 5389   6.785   810.727   478.676
 5407   0.451     0.216     3.053
 5409   0.921     1.307    24.851
 5411   1.320     2.461     6.577
 5412   4.416   124.650   372.365
 5415   0.454     0.300     1.861
 5416   1.566     8.353    21.111
 5417   0.821    10.236    18.673
 5419   4.619   248.492   135.513
 5421   2.836    60.022   264.073
 5423   1.273     2.044     2.387
 5427   3.764    64.644    89.000
 5428   1.438     6.076     6.227
 5433   1.714    23.542    44.320
 5434   0.969     1.662     7.792
 5446   2.332    12.092    80.454
 5447   2.019    61.614    92.825
 5450   2.979   190.734   318.620
 5451   1.098    12.456    26.633
 5452   2.107     8.024    76.297
 5454   9.745   651.117   348.014
 5456  14.411  3036.924   145.353
 5464   1.804    35.175    66.494
 5466   5.505    89.986   128.395
 5467   2.810    73.647    41.141
 5470   2.037   207.018   215.750
 5473   2.663   117.259   414.889
 5474   0.440     0.154     1.331
 5475   4.000   201.290   207.061
 5478   0.789     3.174    19.091
 5479   2.214    50.012   143.316
 5480   0.406     0.167     1.203
 5482   5.382   141.369   901.270
 5483   4.000    73.549    12.849
 5484   1.265     9.236    26.323
 5486   0.945    21.679   216.813
 5489   1.146    28.648   173.653
 5490   2.657    20.173    20.175
 5493   4.318    55.388   223.131
 5494   1.010     2.471     3.059
 5495   2.900    70.884    61.514
 5497   1.329     2.350    14.542
 5503   5.088    53.657    72.278
 5504   1.623    18.037     5.193
 5515   1.078     2.905    13.008
 5516   0.546     0.293     1.048
 5517   0.917     3.432     4.171
 5518   0.763     2.353    11.265
 5523   1.212     9.193    26.149
 5524   4.222    22.203    43.041
 5526   4.241   269.731   680.070
 5530   2.406    81.473    43.389
 5531   1.694    10.551    31.560
 5538   1.714     6.838    28.205
 5541   1.302     4.580    16.048
 5542   1.501    13.054    55.075
 5545   0.533     1.522     2.139
 5551   3.068    22.760   109.440
 5554   1.922    23.055   117.042
 5555   0.299     0.077     0.692
 5556   5.875   174.516    14.278
 5559   4.682    73.989    41.608
 5563   0.691    14.788     9.159
 5565   3.495    56.774    10.430
 5566   1.237     3.589    52.249
 5568   0.732    20.470    56.639
 5569   0.587     0.405     1.356
 5572  19.522  8394.354   118.318
 5573   1.409     2.865     7.837
 5574  12.202  1215.443   819.787
 5575   1.045    18.456    32.628
 5585   2.122    25.527   247.570
 5589   2.693    16.481    51.626
 5591   2.285    84.962  1020.426
 5593   0.742     4.385     9.297
 5594   0.667     0.417     1.103
 5601   0.518     2.249    10.125
 5605   1.710     7.365     8.009
 5606   4.416   173.529  1185.589
 5612   2.239     6.717   139.751
 5617   1.444    13.276   105.689
 5621   0.749    26.447    52.875
 5622   0.504     0.121     2.616
 5624   2.056    33.782   267.927
 5626   1.664     3.788    14.761
 5627   1.353     2.153     1.483
 5628   4.091   585.404   535.039
 5629   2.861   213.410   752.171
 5631   0.396     0.271     3.465
 5635   1.254     3.789     8.369
 5637   1.254     5.721    17.270
 5640   2.342    14.794    18.851
 5642   1.721    30.908   139.143
 5644   1.177    21.608    43.855
 5645   0.887     1.387     5.291
 5646   2.079     8.994    42.724
 5648   1.212     2.224    32.070
 5654   0.738     5.681   102.247
 5655   1.061     2.211     2.589
 5667   0.788     1.565     7.794
 5669   5.505   143.443   370.251
 5704   1.105    76.697    39.136
 5706   1.997    14.996   189.996
 5713   3.088    29.829    59.813
 5715   1.356     2.953    12.015
 5716   1.909     7.777    16.760
 5719   0.920     3.013     4.009
 5723   4.241    47.834    78.351
 5725   2.836   364.532   327.058
 5726   2.798   110.710    89.315
 5729   0.920     3.502    42.524
 5731   2.015    35.846   212.384
 5736   1.817     3.847    26.182
 5867   3.054   153.599    51.067
 5955   4.735   252.404    60.664
 5983   5.517   111.139   166.374
 5989   0.453    19.775     9.784
 5995   0.563    16.761   169.521
 6004   1.780    12.459    49.244
 6083   4.027   109.800    66.226
 6090   0.691     3.003     4.785
 6098   2.699    32.440    30.544
 6100   0.680    22.101    94.494
 6101   0.834     1.365    10.194
 6102   1.105     1.466     4.510
 6103   1.961    19.370    85.753
 6104   0.743     0.809     1.581
 6111   1.521     7.251    62.806
 6113   4.578   485.753   104.353
 6115   2.316    74.736   928.240
 6118   0.380     0.094     0.673
 6124   0.951    87.670   279.344
 6127   0.950     0.869    19.211
 6128   0.780     1.111     6.363
 6135   1.017     2.840     4.803
 6137   1.930     8.137     3.670
 6139   1.223     1.801    15.458
 6141   3.973   162.543    73.191
 6147   0.457     0.333     2.373
 6148   0.823     1.259     7.493
 6151   0.997     3.252     8.947
 6158   1.768     9.725     4.300
 6159   0.840     2.288    18.972
 6160   1.935     7.535    36.184
 6165   1.792     5.162    29.716
 6167   1.133     3.194    30.731
 6168   0.810    30.780   286.948
 6176   2.204     6.455    12.305
 6186   1.887     9.354    14.777
 6189   1.627    18.457    32.254
 6190   1.365     3.792    22.584
 6194  10.710  1108.677   733.785
 6198   0.706    65.275   118.933
 6207   7.870   562.124  1537.887
 6209   1.829    11.253    27.655
 6212   0.824     0.743     1.970
 6222   1.979     8.240    39.576
 6223   1.017     1.342     1.635
 6225   1.031     3.182    10.990
 6226   1.837    25.732   106.006
 6227   2.603    11.086     3.601
 6228   1.033     1.113     1.491
 6234   1.491     2.912     5.066
 6240   1.598     9.993   140.024
 6241  21.408  4046.388   205.451
 6242   2.234    68.898    69.580
 6244   0.588     0.318     6.125
 6249   0.655     1.020    28.634
 6251   5.227   951.073   206.309
 6266   1.038    11.350    84.676
 6269   1.566     4.292     6.261
 6270   0.360     0.117     0.979
 6272   0.740     2.007    18.593
 6273   0.643     0.526     5.503
 6274   1.308    53.199   188.159
 6279   0.981     2.012    17.944
 6280   3.223    40.539   269.796
 6283   0.423     0.171     0.637
 6285   2.423    12.029    39.687
 6288   8.067   705.031   207.337
 6298   2.868     7.948    13.487
 6300   0.672     0.568     0.532
 6303   0.525     1.484     9.351
 6304   1.001     1.386     2.804
 6305   1.291     1.964     3.330
 6306   1.691    17.999    38.755
 6308   0.932     1.001     0.695
 6309   0.613     0.412     2.255
 6317   1.461     4.435     4.517
 6319   2.219    14.835    31.574
 6320   1.922    12.201    38.669
 6321   1.653    26.672    31.413
 6322   3.487   137.014    35.183
 6323   2.254    17.766    23.837
 6328   0.786     0.485     6.064
 6329   1.464    38.993   254.678
 6335   0.748     3.656    21.686
 6336   0.179     0.942     4.399
 6339   4.279   170.158   228.979
 6345   1.598     3.448     3.532
 6346   0.494     0.209     6.519
 6349   1.201     7.105   210.063
 6353   1.613    16.537   195.631
 6355   1.059     0.943     9.015
 6366   1.172     1.828    66.204
 6369   4.671    50.819   100.875
 6375   1.837     8.271    14.571
 6380   3.503   108.200   697.600
 6388   1.135     2.309     7.545
 6390   2.939   216.718   403.177
 6393   2.842    20.177     5.731
 6396   0.784     0.950     4.547
 6397   0.575     3.048    17.994
 6399   7.340   385.161   111.470
 6400   1.481    26.122    20.570
 6405   1.123     1.611    10.223
 6414   0.425     0.553    11.803
 6419   1.464     3.453     6.051
 6422   0.851    11.316    12.695
 6437   1.694     6.024     3.252
 6440   1.573    15.710    23.212
 6444   1.066     1.006     4.490
 6446   1.457     4.259    47.360
 6450   2.406    13.340    21.170
 6452   0.936     2.160     0.163
 6453   1.262    18.043   225.032
 6454   2.836    50.271  1684.028
 6472   0.847    35.994   501.189
 6479   1.756     5.707    75.889
 6489   2.321    45.018   172.690
 6490   0.896     0.801     5.456
 6498   1.291     2.132    23.893
 6504   0.406     0.588     2.832
 6519   0.968     2.151     4.593
 6520  11.380   234.948   238.540
 6521   2.742    42.302    73.839
 6523   0.947     2.822     6.546
 6525   5.732  1009.643  1465.453
 6528  17.368  7710.126   667.142
 6529   3.456    17.887    21.934
 6533   5.862   386.705   600.909
 6534   9.464   638.034    36.678
 6536   1.642     6.084     7.409
 6538   2.042    11.278    37.107
 6544   0.642     0.840     9.985
 6546   1.796    26.953     7.341
 6550   0.553     0.901     1.368
 6551   2.754    12.590    33.525
 6552   3.559    36.001    28.998
 6554   1.591    12.974     9.177
 6557   2.060    16.949    51.076
 6560   1.804    95.558   123.698
 6564   1.792    10.035    32.483
 6566   0.796     0.898    17.481
 6576   1.042    32.335   293.388
 6577   1.188     3.054     7.149
 6579   0.850     5.290     4.181
 6580   2.150    43.231    13.965
 6581   0.505    17.808    31.908
 6582   2.199    32.765    13.348
 6583   1.717     7.381    29.080
 6585   1.185     3.365    13.024
 6587   1.010    89.707   528.135
 6589   0.937     0.877     1.347
 6590   1.721    12.256    85.177
 6592   6.342   137.465   208.516
 6593   1.347    50.797   260.749
 6598   0.388     0.230     1.475
 6600   3.216    89.843    23.305
 6601   2.280    22.889    63.269
 6605   1.033     4.700    17.481
 6610   2.342    26.899    55.364
 6613   1.329     1.891     2.679
 6615   1.627    26.473   535.407
 6616   0.738     0.537     1.441
 6619   2.295    14.193    75.518
 6620   4.308    45.392   170.651
 6621   1.892    63.232    95.971
 6622   7.626   207.671  1371.777
 6625   0.481     0.610     8.300
 6629   0.851    12.203   161.005
 6630   0.182     0.695     2.340
 6631   1.595     4.811     6.307
 6632   8.382   165.885    80.708
 6642   1.314     9.647   122.485
 6648   0.917     0.950     7.188
 6649   3.664    50.090    11.597
 6655   1.146     2.377    43.187
 6657   0.798     1.061     9.205
 6658   1.620    12.668     4.002
 6666   4.788   114.553    60.049
 6672   1.829    43.349    64.039
 6673   0.631     0.412     1.463
 6674   0.904     0.828    12.439
 6683   3.202   157.871    74.756
 6686   1.059     1.094     5.211
 6694   2.249   117.291   294.203
 6702   5.567   320.652   526.316
 6707   0.459     0.266     2.149
 6708   1.294    10.750     9.973
 6716   2.175    17.432    17.088
 6720   1.660     3.662    10.260
 6745   5.215   161.520   180.411
 6753   0.979     2.074     8.664
 6762   2.881    63.598    24.721
 6763   1.501    10.828   125.873
 6764   2.675   107.950   150.594
 6767   0.931     1.277    14.840
 6774   3.706    50.430    22.902
 6796   1.050     0.851     2.297
 6802   1.584     6.586    20.373
 6814   0.958     6.034    10.484
 6816   3.047   138.793   208.519
 6817   1.796     6.199   112.211
 6830   0.761     0.676     2.348
 6831   1.100     1.320     6.561
 6870   4.222    76.038    13.099
 6880   1.491     5.864     6.019
 6882   3.379    55.648    56.614
 6884   2.401    11.387    13.572
 6886   1.879    21.707    47.683
 6891   0.716     2.929    83.225
 6892   2.645    48.341   321.270
 6903   2.033    16.831    62.532
 6904   0.952   280.738   121.546
 6911   2.117     9.481     2.412
 6914   1.359     2.718     3.348
 6917   1.887    33.475    12.588
 6927   1.905    20.853    15.169
 6930   1.242    17.922    26.537
 6935   0.787     0.732    11.384
 6939   1.254     3.526     4.095
 6950   3.714    27.666    59.809
 6953   0.870     1.253     5.184
 6963   0.982    47.337    90.942
 6987   1.733     3.511    14.965
 7000   1.169     4.713     7.184
 7028   1.003    42.535    43.604
 7064   1.776    14.143    34.564
 7087   0.577     0.722     6.412
 7108   3.137    39.906    26.802
 7110   4.567    88.273   122.766
 7111   4.476   109.783   166.054
 7113   0.512    28.055   323.232
 7116   0.991     4.097     2.298
 7147   6.357   137.670   200.150
 7164   3.319    36.534     2.946
 7167   3.656    38.700    38.717
 7172   2.523   137.916    89.131
 7183   2.627    19.305    11.972
 7185   2.568    97.501   225.668
 7207  10.880  1560.563   433.973
 7209   1.138     3.878     7.393
 7213   2.534    14.534   108.184
 7219   5.617   169.465   574.031
 7228   0.667     1.951     8.012
 7230   0.780     3.988    16.306
 7233   1.098     1.979     7.001
 7236   4.986   187.369   928.349
 7240   1.138    71.271    37.182
 7247   0.806     8.438   311.115
 7250   4.091   150.935   554.535
 7255   0.619     4.288    17.000
 7263   1.177     3.474    18.652
 7270   2.523    24.177   325.510
 7277   2.669   142.274   363.576
 7293   0.364     0.565     3.354
 7295   1.329    18.903   101.301
 7301   0.665    77.646   703.213
 7310   2.772    37.178   923.567
 7319   1.702    20.192    76.696
 7322   1.231     5.300    23.299
 7328   0.328     0.177     1.909
 7329   2.450   228.251   178.928
 7335   1.879    19.798    67.176
 7343   1.792   285.787  3851.191
 7357   1.387     4.060    25.249
 7369   2.209    23.592   148.208
 7371   2.239     9.766    16.854
 7374   0.506     1.944     3.046
 7376   2.033     5.206     5.076
 7379   1.896    10.860    44.644
 7386   1.965     8.929    14.659
 7387   0.745     0.947     4.577
 7390   1.896    21.805   144.315
 7403   0.403     0.263     3.970
 7404   1.196     2.797     6.174
 7429  14.282  6696.051  1310.524
 7432   0.621     0.265     0.658
 7433   1.409     3.063    10.100
 7443   1.457     5.186    25.021
 7446   0.823    14.934     9.120
 7451   0.626     0.501     1.631
 7452   0.967     1.153     3.051
 7457   2.693    45.104   337.099
 7460   1.776     6.267    11.996
 7464   0.922    15.196   124.345
 7469   1.279     9.038    11.767
 7475   0.441     0.949    26.158
 7477   3.955   225.658  1200.786
 7485   1.484     2.879     3.849
 7486   1.066     2.670     4.214
 7487   1.033     2.469     3.594
 7488   1.196     8.346    36.684
 7491   0.612    22.182   298.850
 7494   1.093     4.656     5.188
 7497   3.551    84.388   185.311
 7500   0.785     0.894     2.471
 7502   3.282    72.179   228.612
 7503   3.334   180.394   770.441
 7509   5.443   110.171    13.766
 7515   0.496     1.154    15.026
 7520   1.073     5.828    59.138
 7523   1.271     2.150    17.608
 7526   0.773     0.414     1.239
 7527   0.523     6.723    28.732
 7528   2.033     7.446    69.269
 7529   1.128    18.543    10.763
 7532   0.818     0.541     1.868
 7533   1.504     3.534     4.588
 7548   0.603     1.671     4.507
 7549   1.031    51.318   584.536
 7550   1.105     7.018    12.054
 7551   7.291   383.412   114.523
 7552   2.010     8.655    14.545
 7560   1.792    80.789   162.942
 7566   2.259    15.995    50.967
 7567   1.435    11.253     4.373
 7568   1.234     2.313     8.889
 7573   1.549     5.501    17.632
 7575   1.217   121.822   979.075
 7579   3.807    78.872    53.112
 7580   0.905     0.999     2.686
 7587   0.915     0.461     2.286
 7588   0.398     0.437     2.701
 7597   1.609     6.758    40.116
 7598   1.714    20.744    33.458
 7603   1.040     2.327     1.683
 7604   1.215     1.586     5.801
 7606   1.265     1.981     7.030
 7607   3.519   186.264   386.326
 7608   4.100    46.847   157.637
 7609   0.424     0.158     2.185
 7614   0.900     2.203     8.434
 7615   0.795     0.498     1.627
 7617   1.896    15.119    99.877
 7619   1.698     4.271     8.889
 7625   1.279     2.093     5.396
 7630   3.116    88.210    70.257
 7635   1.220     6.084    28.890
 7638   0.731     1.547     4.063
 7642   2.540    18.269    52.183
 7645   0.949     1.200     8.144
 7647   0.732    60.649    68.426
 7648   0.392     0.378     2.256
 7654   1.584     4.731    40.776
 7656   6.634   419.629   404.322
 7657   1.022     4.755    22.108
 7660   6.229   267.046  3132.275
 7677   0.816     0.690     7.672
 7678   2.042   177.754  1137.034
 7683   2.639    15.790    25.979
 7684   2.423    28.899   225.168
 7688   1.299    25.436   399.511
 7695   2.326   588.097  1544.077
 7703   3.356    81.614   524.840
 7705   0.958     1.689     2.966
 7707   2.979    26.545   161.859
 7711   0.429     0.953     3.311
 7727   1.006     4.180    14.161
 7729   0.785     0.654    10.645
 7741   0.543     0.268     1.602
 7744   0.546     1.022     6.714
 7749   7.592    80.016    68.284
 7762   1.511     8.033    19.937
 7766   3.075  1095.216  3278.446
 7769   1.649    14.121    54.444
 7780   3.402    19.478    31.345
 7781   1.276    24.457     7.112
 7788   3.807   252.439   743.199
 7790   3.543    68.334   132.484
 7791   0.613     0.250     2.007
 7794   2.170    22.298   604.108
 7795   1.105     1.662     4.302
 7810   3.798   293.937   908.728
 7818   4.975   156.706   138.146
 7822   0.521     1.102     6.333
 7825   2.126     3.974     4.368
 7831   5.567   100.185   727.154
 7840   0.353     0.463     3.403
 7841   2.141    41.424    43.605
 7843   1.706    10.876    47.257
 7845   2.545   114.374   211.715
 7858   1.120     9.824    14.663
 7868   0.800     2.643    47.598
 7886   0.987     2.016     6.909
 7888   1.262     2.808     2.314
 7903   2.467    39.898    35.750
 7906   0.805   104.040   424.836
 7918   1.135     2.686    13.142
 7923   4.156    92.866    46.529
 7929   0.833    22.084   208.777
 7932   2.332    43.342   289.448
 7938   5.617   249.533  1391.995
 7942   4.897    92.255    41.452
 7948   2.742    15.184   401.174
 7954   0.825    63.121    69.176
 7963   2.065    14.758    28.958
 7968   3.656    25.243    45.821
 7969   0.233     0.206     0.933
 7973   1.317     4.957     7.531
 7976   1.356    15.918   166.439
 7984   0.892     5.283    20.351
 7987   1.204    30.364    33.190
 7989   5.192   237.148   264.987
 7992   2.363    18.921     4.783
 7997   2.051    13.380    48.558
 7998   4.547   392.206    71.095
 8001   5.579   168.723   810.036
 8004   1.642    13.169    47.398
 8008   0.639    10.309   113.882
 8009   2.051    14.238    16.190
 8012   2.675    23.871    49.943
 8019   2.545    73.926    51.526
 8022   1.381    28.872    46.432
 8030   1.335    20.981    42.347
 8036   6.009   260.790   345.225
 8039   0.530     0.248     2.168
 8045  13.715   828.642   166.205
 8049   0.277     0.150     2.883
 8050   2.316    62.595    17.279
 8054   1.428     2.549     8.209
 8059   0.980     2.027     5.777
 8061   2.056    15.223   109.956
 8062   2.395    12.944    62.332
 8064   1.566     7.204    65.753
 8066   4.650   179.258    61.168
 8075   0.815     3.333    18.416
 8082   2.534   114.092    23.599
 8084   1.457     8.876    83.547
 8086   3.824   221.064   280.598
 8087   1.419    44.262   456.722
 8098   9.657  1435.915  4319.582
 8099   1.854    66.611    55.261
 8101   4.203   168.269  2203.161
 8102   1.066     1.161     3.253
 8105   2.189    20.506    20.727
 8110   0.580     1.616     5.944
 8111   3.639   190.067   252.675
 8112   1.788     5.382     5.444
 8116   2.729    93.638   227.263
