   105      11.929     71      22.213    143      34.143    286
   107    -999.000     66    -999.000    132       1.121    264
   108       1.033     60    -999.000    121       0.678    242
   109       3.987     71       7.447    134      13.122    286
   110       0.608     66       1.074    132       1.606    264
   111       0.711     66       1.041    132       1.417    264
   114    -999.000     66       1.078    132       1.583    264
   121       2.074     70    -999.000   -999    -999.000   -999
   130       3.875     60       6.802    121       9.843    242
   133       0.872     66       1.454    132       2.409    264
   138       1.664     60       1.702    121       1.670    264
   142       2.347    233    -999.000   -999    -999.000   -999
   143      58.596     66     102.363    132     130.008    264
   148       1.769     66       3.217    132       4.989    264
   160       3.076     71       3.782    143       5.511    264
   171       0.803     66       1.069    132       2.066    242
   179       6.929     66      12.420    132       9.943    336
   185       1.333     66       1.076    132       0.458    336
   204       0.909     66       1.624    132       1.640    336
   207       3.545     66    -999.000    132       0.810    336
   211       0.844     66       1.270    132       1.708    336
   214       1.056     71       1.604    143       1.592    336
   218       1.417     66    -999.000    132       2.333    336
   219      20.979     66      35.476    132      41.670    336
   222       5.523     66       9.361    132      10.420    336
   223    -999.000     71       1.056    143       1.154    364
   226       1.849     60       3.323    121       4.588    308
   228       1.324     71       2.061    143       2.236    364
   229       1.043     93    -999.000   -999    -999.000   -999
   235       0.787     66       1.141    132       1.315    336
   237    -999.000     66       1.439    132       1.789    336
   249      37.760     66      71.833    132     102.610    336
   254       1.055     91    -999.000   -999    -999.000   -999
   257       2.560     66       4.648    132       6.545    336
   289    -999.000     66       1.121    132       0.716    264
   297       4.610     66    -999.000   -999    -999.000   -999
   298      60.364     66    -999.000    132      25.644    264
   332       1.689     66       3.134    132       5.367    264
   351       1.656     66       2.846    132       5.519    264
   373       1.091     66    -999.000    132       2.663    264
   394       6.527     71      11.800    143      17.566    286
   401    -999.000     66    -999.000    132       1.011    264
   404       1.810     60       2.949    121       4.950    242
   408       1.818     66       3.102    132       3.496    264
   414    -999.000     66    -999.000    132       1.920    264
   432       5.030     66    -999.000    132       1.299    264
   444      12.925    138    -999.000   -999    -999.000   -999
   451       9.372     66      18.074    132      30.936    264
   465    -999.000     66    -999.000    132       1.027    264
   467      10.049     66      17.334    132      18.402    264
   469       4.705     60       8.870    121      15.735    264
   472    -999.000     66    -999.000    132       1.621    264
   473       0.662     66       0.989    132       1.045    264
   474       9.630     66       6.065    132       5.985    264
   480       5.909     66    -999.000    132       1.792    264
   486    -999.000     66       1.568    132       1.758    264
   491       1.333     66       0.614    132       0.640    264
   493       1.693     66       2.879    132       4.644    264
   501       1.357     66       2.610    132       2.655    264
   503       1.422    290    -999.000   -999    -999.000   -999
   508    -999.000     66    -999.000    132       1.553    264
   512       4.000     66    -999.000    132    -999.000    286
   516       1.150     66       2.025    172       3.625    264
   526    -999.000     66       1.015    132       0.803    264
   537       1.019    105    -999.000   -999    -999.000   -999
   540       1.083     60       1.678    121       2.508    242
   543       8.756     96    -999.000   -999    -999.000   -999
   547       2.792     95    -999.000   -999    -999.000   -999
   548       2.682     66       4.978    132       8.970    264
   549    -999.000     66    -999.000    132       1.417    264
   550    -999.000     77    -999.000    154       1.425    308
   551       4.600     66    -999.000    132       4.402    264
   555       1.744     78    -999.000   -999    -999.000   -999
   568       3.030     66    -999.000    132       1.318    264
   575       2.998     66       2.846    132       2.799    264
   577       0.944     72       1.500    143       2.444    286
   591       1.148     71       1.855    143       2.832    286
   593    -999.000     66       1.155    132       1.458    264
   594       1.652     66       2.729    132       4.352    264
   603       4.040    125    -999.000   -999    -999.000   -999
   606       1.539     66       2.548    132       4.314    264
   612       4.028     66       7.521    132      13.423    286
   640       1.197     66       0.962    132       0.648    264
   647       6.820     66      13.047    132      23.223    264
   658       1.149     60    -999.000   -999    -999.000   -999
   659       1.395     66       2.442    132       3.807    264
   660       6.203     66      10.279    132      11.864    264
   666       2.463     71       3.852    143       3.042    286
   673       0.610     66       0.783    132       1.080    264
   676       5.504     71      10.188    143      18.752    286
   677       8.559     71       3.052    143       2.220    286
   678      13.326     66      23.901    132      40.750    264
   680       0.915     60       1.716    121       3.153    242
   685       1.197     66    -999.000   -999    -999.000   -999
   686       1.062     71       1.480    143       2.308    286
   692       1.262     60       2.081    121       3.083    264
   704       1.798     66    -999.000    132       3.996    264
   711       1.056     71       1.166    143       1.213    286
   717    -999.000     71    -999.000    143       1.073    286
   727       0.959     71       1.618    143       2.818    286
   729       1.636     66    -999.000    132       0.686    264
   734       1.269     60    -999.000   -999    -999.000   -999
   741    -999.000     66    -999.000    132       1.205    264
   752       1.363     66       2.193    132       3.189    264
   753    -999.000     66    -999.000    132       1.360    264
   755       1.379     66       1.808    132       1.527    264
   761       3.091     66       5.433    132       7.322    264
   764       1.204     66    -999.000   -999    -999.000   -999
   773       1.233     71       2.183    132       3.390    264
   788       2.070     71    -999.000    143    -999.000    286
   795       1.466     66       2.324    132       3.455    264
   799       2.818     66       1.462    132       1.152    264
   803       1.361     66       2.325    132       4.027    264
   809       5.069     66       5.693    132       4.625    264
   815       0.736     60       0.987    121       1.306    242
   816       0.812     71       1.067    143       1.752    286
   820    -999.000     66       1.120    132       1.689    264
   824       0.708     66       1.252    132       2.553    264
   825       0.547     71    -999.000    143       1.045    286
   829       5.628     66      10.674    132      19.083    264
   830       4.960     66    -999.000    132       2.375    264
   834    -999.000     66    -999.000    132       1.101    264
   836       1.083     60       0.504    120       0.727    240
   840       1.621     66       2.514    132       3.458    264
   841       7.015     66      12.229    132      11.985    264
   845       1.425     66       2.028    132       3.364    264
   856       1.430     79    -999.000   -999    -999.000   -999
   869       3.634     66       6.744    132       9.470    264
   871       2.093     66       3.438    132       5.523    264
   878       2.581     71    -999.000   -999    -999.000   -999
   906       2.314     71       3.765    143       1.916    286
   907       4.139     60       7.844    121      14.050    242
   909    -999.000     66       1.083    132       1.017    242
   914       2.109     66       4.028    132       4.977    264
   927       0.697     60    -999.000    121       1.587    242
   929       1.367     60       0.835    121    -999.000    242
   936       8.105     66       7.409    132       3.307    264
   938       1.481     66       2.528    132       4.473    264
   942       0.773     66       0.827    132       1.451    264
   946    -999.000     66       1.015    132       0.909    264
   973       4.487    107    -999.000   -999    -999.000   -999
   974    -999.000     66    -999.000    132       1.189    264
   981    -999.000     66    -999.000    132       1.110    264
   999      15.550     66      26.062    132      26.106    264
  1008       6.170     66      11.766    132      21.973    264
  1009       1.608     66       4.925    132       5.009    264
  1025      13.844     77      22.502    154      29.920    374
  1036       0.800     71       1.131    143       1.462    286
  1039       1.734     66       3.068    132       5.125    264
  1042       1.252     71    -999.000   -999    -999.000   -999
  1046       1.152     66    -999.000   -999    -999.000   -999
  1051       1.742     66    -999.000   -999    -999.000   -999
  1071       1.785     66       2.886    132       3.533    242
  1073       3.076     66    -999.000   -999    -999.000   -999
  1076       6.987     71    -999.000    143       2.800    286
  1085      28.729     71    -999.000   -999    -999.000   -999
  1087    -999.000     71       1.399    143       1.826    264
  1088      16.152     66    -999.000   -999    -999.000   -999
  1096       1.938     66    -999.000   -999    -999.000   -999
  1097       2.267     60       1.136    132       0.682    264
  1110       0.850     66       1.175    132       1.739    264
  1112       2.307     66       3.458    132       4.173    220
  1114       3.097     60       5.553    121       5.752    242
  1118    -999.000     60       1.286    121       2.335    242
  1121       8.469     71      15.872    143      26.094    286
  1122      11.311     60      18.782    121      24.273    242
  1123       0.772     71       1.250    143       1.696    286
  1125       0.697     66       0.933    132       1.541    242
  1126       0.952     61       1.528     71       2.129    286
  1128       1.106     66       0.530    132       0.574    264
  1129    -999.000     66       1.023    132       0.951    264
  1145       1.930     66       2.741    132       3.590    264
  1150       1.688     66       3.084    132       5.845    264
  1152       0.527     71       0.644    143       1.007    286
  1153    -999.000     66    -999.000    132       1.072    264
  1154       2.528     71       2.930    143       2.017    286
  1156       0.933     66       1.612    132       2.885    286
  1157      12.524     66      20.870    132      31.777    264
  1159       2.746     71       4.972    143       6.948    286
  1167    -999.000     66       0.936    132       1.409    264
  1190       3.440     66       5.632    132       5.996    264
  1196    -999.000     60       1.067    121       1.835    242
  1197       1.474     71       2.365    143       3.598    286
  1200       1.579     66       2.817    132       4.811    264
  1204       5.077     71       5.088    143       3.647    286
  1211       2.070     71       2.925    143       2.643    286
  1212       1.075     66       1.586    132       2.091    264
  1213    -999.000     66       0.728    132       1.106    264
  1218       1.657     66       2.820    132       5.076    264
  1221       1.091     66       1.891    132       2.739    264
  1223       1.227     66    -999.000    132       1.670    264
  1235       3.051     66       5.464    132       9.644    264
  1244       1.309     60       2.280    121       3.607    242
  1279       1.049     71       1.882    143       2.337    264
  1288       6.350     66      12.102    132      16.091    264
  1289       2.950     66       3.460    132       2.455    264
  1291       2.919     66    -999.000   -999    -999.000   -999
  1297       1.393     66       2.349    132       2.428    264
  1298    -999.000     60    -999.000    121       1.030    242
  1301       0.348     66       0.553    132       1.020    264
  1303       1.556     66       2.401    132       2.992    242
  1306    -999.000     71    -999.000    143       1.374    286
  1307       1.086     71       1.650    143       1.671    286
  1308       3.725     66    -999.000    132       1.814    264
  1311       0.789     66       1.303    132       1.920    264
  1318       0.676     71       0.976    143       1.448    286
  1319    -999.000     66    -999.000    132       1.541    264
  1321       1.861     77       3.437    154       5.445    308
  1328       1.198     76    -999.000   -999    -999.000   -999
  1346       1.170     66    -999.000    132    -999.000    264
  1359       2.555     66    -999.000    132       1.654    264
  1365       1.703     66       2.633    132       3.848    264
  1382       0.425     66       0.689    132       1.121    264
  1384       1.059     82       1.594    165       1.885    330
  1385       4.573     66       8.732    132      14.398    264
  1388       1.456     71       2.578    143       3.003    286
  1390    -999.000     66       0.670    133       1.094    286
  1396       2.027     71       3.354    143       2.934    286
  1404    -999.000     66       0.924    132       1.042    264
  1406       2.816     61       5.022    121       9.149    242
  1413       1.250     79    -999.000   -999    -999.000   -999
  1416       2.933     60       3.984    121       2.843    242
  1419       4.444     66       8.551    132      14.549    264
  1422       1.974     71       3.636    143       4.860    286
  1425       8.639     60      16.837    121      20.029    242
  1430    -999.000     77       1.130    154       1.695    308
  1432       0.538     66       0.875    132       1.409    264
  1435    -999.000     66    -999.000    132       1.170    264
  1439    -999.000     77    -999.000    154       1.295    308
  1440      12.049     66    -999.000   -999    -999.000   -999
  1443       5.006     60       9.190    121       7.979    242
  1446       0.786     66       1.257    132       2.083    264
  1447       1.743     66       3.257    132       5.383    264
  1449       2.102     60       3.641    121       6.000    242
  1452    -999.000     66       1.205    132       1.542    264
  1453      10.000     66       7.719    132       6.989    264
  1456       0.591     71       0.923    143       1.241    286
  1458       0.736     66       1.159    132       1.963    242
  1459       0.734     66       1.202    132       1.500    264
  1461       1.833     66    -999.000    132    -999.000    264
  1463       4.455     66    -999.000    132       1.841    264
  1465    -999.000     66       0.705    132       1.004    264
  1466       2.142     66    -999.000   -999    -999.000   -999
  1468       5.020     66       7.738    132      13.602    264
  1469       1.026     66       1.642    132       3.045    264
  1472       1.942     66       3.256    132       4.913    264
  1473      28.311     66      54.693    132      97.386    264
  1479    -999.000   -999       1.136    132    -999.000   -999
  1481    -999.000   -999       1.109    165    -999.000   -999
  1484      13.980     66      22.898    132      28.034    264
  1492    -999.000   -999    -999.000   -999       1.500    264
  1503       1.909    210    -999.000   -999    -999.000   -999
  1515    -999.000   -999       1.565    143       2.629    286
  1518       3.855     60       6.262    121       3.541    242
  1533       5.663     66    -999.000   -999    -999.000   -999
  1540       1.146     66       1.996    132       2.811    264
  1541      39.015     66      64.777    132     111.265    264
  1546       2.272     66       2.969    132       1.742    264
  1551    -999.000   -999       1.040    132       1.973    264
  1552    -999.000   -999    -999.000   -999       1.170    264
  1553      12.445     66      17.437    132      20.386    264
  1558    -999.000   -999    -999.000   -999       1.165    242
  1559       1.128     66       2.029    132       2.864    264
  1561    -999.000   -999       1.591    143       2.661    286
  1566       1.379     66    -999.000   -999    -999.000   -999
  1567    -999.000   -999       1.374    132       2.307    264
  1571       2.808     66       5.080    132       7.477    264
  1574    -999.000   -999       1.312    121       1.607    242
  1578       4.114     66       7.817    132      13.530    264
  1579       4.153     66       7.277    132      10.508    264
  1580       1.617     66       2.855    132       4.913    264
  1586       1.152     66       1.993    132       3.277    264
  1588       2.965     66    -999.000    132       1.280    264
  1590    -999.000   -999    -999.000   -999       1.269    242
  1601       2.489     66       4.512    132       7.837    264
  1604    -999.000   -999       1.081    121       1.417    242
  1606       9.997     66      18.446    132      26.409    264
  1609      45.772     60      71.722    121      81.004    242
  1611       1.152     66       1.424    132       1.894    264
  1614       1.118     71       1.979    143       2.564    264
  1623       3.818     66       6.282    132       8.284    264
  1625      33.318     66      64.826    132      87.152    264
  1626       3.214     60       5.110    121       4.773    242
  1628       1.728     66       2.862    132       4.121    264
  1634       2.212     66       2.612    132       4.765    264
  1635       1.718     71    -999.000   -999       1.699    286
  1637    -999.000   -999       1.197    132       1.572    264
  1642    -999.000   -999    -999.000   -999       1.448    286
  1646       1.064     66       1.386    132       1.553    264
  1651       3.803     60       6.690    121      11.393    242
  1652       4.456     66       8.390    132      14.367    264
  1653    -999.000   -999       1.462    132       1.777    264
  1655    -999.000   -999    -999.000   -999       1.314    264
  1656       1.774     66       2.920    132       2.705    264
  1657    -999.000   -999    -999.000   -999       1.428    264
  1659    -999.000   -999       1.041    121    -999.000   -999
  1660       1.675     66    -999.000   -999    -999.000   -999
  1661    -999.000   -999    -999.000   -999       1.364    264
  1662       2.017     60    -999.000    121    -999.000   -999
  1663      18.299     66    -999.000   -999    -999.000   -999
  1665       3.900     60       2.455    121       1.409    242
  1667       0.679     66       0.903    132       1.190    264
  1676      13.120     66      19.464    132      24.197    264
  1680       1.045     66    -999.000   -999    -999.000   -999
  1693    -999.000   -999       1.017    121       1.689    264
  1694       2.610     77       3.352    154       1.938    308
  1700       1.459     66       2.442    132       4.439    264
  1701       1.796     71    -999.000    143       2.266    286
  1704    -999.000   -999       1.190    132       1.102    264
  1709       9.020     66      15.988    132      22.557    264
  1711      20.618     71      35.547    143      51.241    286
  1712       2.592     66       4.400    132       6.867    264
  1714    -999.000   -999    -999.000   -999       1.045    286
  1717       2.934     66       5.545    132       9.337    264
  1719       2.919     71       3.084    143       3.762    286
  1730    -999.000   -999       1.020    132       1.444    286
  1731       2.319     71       4.327    143       6.210    286
  1733       2.637     71       4.870    143       8.350    286
  1734       1.996     66       3.349    132       3.393    242
  1736       2.382     66    -999.000    132       1.375    264
  1740       1.028     71    -999.000    143       1.605    286
  1741       3.409     66    -999.000    132    -999.000   -999
  1742    -999.000   -999       1.301    132       2.159    264
  1747       1.652     66       1.868    132       1.689    264
  1760       4.000     66    -999.000   -999    -999.000   -999
  1791       2.273     66       2.417    132       1.947    264
  1806    -999.000   -999    -999.000   -999       1.719    242
  1807       2.224     66       4.318    132       7.580    264
  1815       3.885     66       7.259    132      10.682    264
  1819       1.339    126    -999.000   -999    -999.000   -999
  1830    -999.000   -999       1.332    143       1.958    286
  1851       4.472     66    -999.000   -999    -999.000   -999
  1883       5.996     66       7.937    192      11.185    480
  1885       1.015     66       1.106    192       1.567    480
  1886      16.544     66      22.280    192      33.406    480
  1922       4.147     66       4.799    192       4.381    480
  1924       1.235     66       1.406    192       1.598    480
  1953       2.456     60       3.740    121       2.390    264
  1956       3.532     66       6.271    132      11.534    264
  1967       1.896     71       3.275    143       5.343    286
  1968    -999.000   -999       1.545    132    -999.000   -999
  1989       4.470     51       4.580    143       7.744    286
  1993       1.536     66       2.640    132       6.173    264
  1997      29.631     66      14.506    132      11.365    264
  2003       1.774     66       1.755    132       1.360    264
  2018       1.266     66       2.180    132       3.299    264
  2019       1.364     71       2.260    143       2.983    286
  2037       6.745     66      10.636    132      11.394    264
  2040       1.045     66       1.699    143       1.523    264
  2041       3.316     66       4.413    132       4.254    264
  2043       0.591     66       1.220    132       0.826    264
  2044       0.650     66       1.121    132       1.636    264
  2047       2.627     71       4.194    143       3.664    286
  2049       1.970     66    -999.000    132    -999.000    242
  2053       4.182     71       7.355    143       8.538    286
  2056       1.121     66    -999.000    132       1.019    264
  2061       1.982     66       3.526    132       5.348    264
  2067      16.710     60      31.735    121      59.223    242
  2068      15.092     66      13.915    132       6.773    264
  2069       0.605     71       0.839    143       1.308    286
  2070       0.869     66       1.144    132       2.064    242
  2074       1.268     66       2.046    132       3.470    264
  2077       0.771     66       0.975    132       1.667    264
  2079       1.180     66       1.729    132       2.277    264
  2080       5.400     78    -999.000   -999    -999.000   -999
  2081       1.136     66       1.682    132       1.879    264
  2083       8.219    397    -999.000   -999    -999.000   -999
  2090      12.527     66      23.568    132      38.534    264
  2093       1.338     60       2.290    121       2.562    242
  2095       1.561     66       0.924    132       0.667    264
  2099       1.052     66       1.707    132       2.538    264
  2101       0.662     66       0.947    132       1.864    264
  2102       1.918     66       3.382    132       5.606    264
  2105       1.227     66       2.050    132       2.674    242
  2110       4.671     66       8.298    132      16.504    264
  2111       1.461     71       2.500    143       4.371    286
  2114       0.974     66       1.242    132       2.300    264
  2115       2.295     66       1.612    132       1.479    264
  2117       0.562     66       1.083    132       0.888    242
  2122       1.921     60       3.533    121       5.074    264
  2123       2.797     66       4.945    132       8.693    242
  2125      19.412     66      20.760    132      12.110    242
  2126       3.515     66    -999.000    132       2.095    264
  2129       0.991     66       1.214    132       1.822    242
  2132       2.606     66       1.667    132       1.148    264
  2133       0.967     66       1.290    132       1.550    264
  2138       6.770     66      13.372    132      24.538    264
  2146       1.553     71       0.343    143       0.332    286
  2148       1.892     66       3.473    132       5.379    264
  2149       1.872     66       3.220    132       5.523    264
  2151     127.500     66      66.245    132      70.451    264
  2152       0.510     71       0.815    143       1.262    286
  2155       2.358     66    -999.000    132       3.360    264
  2156      17.156     66      28.508    132      46.500    264
  2159    -999.000     66       1.136    132       0.811    264
  2163       1.179     66       1.742    132       1.303    220
  2167       3.879     66    -999.000    132       1.345    264
  2187       0.519     66       0.780    132       1.160    264
  2189       0.737     60       0.972    121       1.359    242
  2193       1.700     66       2.960    132       6.076    264
  2197       1.471     66       2.420    132       4.174    264
  2202       0.848     71       1.147    143       1.245    286
  2203       1.724     66       2.271    132       2.841    242
  2204       0.921     71       1.478    143       1.979    286
  2205       0.915     71       1.413    143       1.028    264
  2206       1.651     66    -999.000    132       1.212    264
  2207       0.545     66       0.437    132       1.061    264
  2211       1.264     66       2.151    121       3.368    242
  2217       4.417     66       7.187    132       7.424    242
  2220       2.227     66    -999.000    132       1.663    264
  2228      10.768     66      17.125    132      19.333    242
  2233       0.501     66       0.541    132       1.011    242
  2244       0.716     60       1.049    121       1.848    242
  2252       0.988     66       1.475    132       2.665    264
  2253       2.608     66       4.157    132       2.807    242
  2254       2.091     66       3.767    132       4.583    242
  2267       1.234     66       2.217    132       3.485    264
  2273      19.439     66    -999.000    132      10.765    264
  2276       0.936     60       1.557    121       2.740    242
  2277       1.075     66       1.708    132       2.871    264
  2283       1.252     60    -999.000    121       1.855    242
  2287       1.834     71       3.238    143       4.878    264
  2288    -999.000     66       1.386    132       0.767    264
  2291       1.033     60    -999.000    121       0.060    242
  2298       0.732     60       1.136    121       1.566    242
  2306       1.184     66       2.223    132       3.595    264
  2309       2.115     66       3.090    132       5.527    242
  2310       0.590     66       0.934    132       1.223    242
  2311       0.715     71       1.071    143       1.230    286
  2312       2.129     66    -999.000    132       1.614    264
  2315       1.800     66       3.340    132       5.746    264
  2317       8.913     66       9.575    132       8.780    264
  2324       0.846     66       1.338    132       2.095    242
  2326       1.439     66    -999.000    132       0.689    286
  2327    -999.000     66    -999.000    132       1.057    264
  2328       1.492     71       2.768    143       3.699    264
  2330       7.578     60       9.160    121       5.649    242
  2332       1.152     66       0.780    132       0.470    264
  2340       2.123     66       3.637    132       5.784    242
  2345       2.853     66       5.461    132       6.205    242
  2346       3.540     66       6.069    132       8.701    264
  2349       0.558     66       0.856    132       1.045    286
  2353       1.460     66       2.382    132       2.981    264
  2357       2.769     66       4.236    132       2.288    264
  2358    -999.000     66    -999.000    132       1.010    242
  2360       1.579     66       2.076    132       2.019    242
  2362       4.515     66       7.896    132       9.322    264
  2367       4.574     66       8.029    132       6.708    264
  2371       5.654     55      10.650    110      16.541    264
  2373       0.668     60       0.984    121       1.132    264
  2375       1.470     60       2.059    121       3.098    242
  2380       1.406     66       2.322    132       3.652    264
  2391       0.606     60       0.818    121       1.270    242
  2394       1.231     66       2.082    132       3.398    264
  2395       1.273     66    -999.000    132       0.553    264
  2401    -999.000     66    -999.000    132       1.285    242
  2405       1.442     66       1.892    132       1.443    242
  2408    -999.000     55    -999.000    110       1.141    264
  2424    -999.000     66    -999.000    121       1.281    264
  2428       2.556     66       4.607    132       7.170    242
  2429       1.168     66       2.107    132       3.682    264
  2432       1.130     66       1.927    132       3.917    242
  2436       6.158     66      10.278    132      13.212    264
  2437       0.636     66       0.824    132       1.170    242
  2438       3.081     66       5.476    132       5.064    220
  2442       0.677     66       1.053    132       1.351    242
  2446       4.622     66       8.087    132      13.186    264
  2447       0.815     66       1.105    121       1.661    242
  2448       1.039     66       1.714    132       2.545    264
  2450       9.094     66      15.737    132      28.712    264
  2451       1.413     66       2.202    132       3.235    242
  2452       1.232     66       1.957    132       2.678    264
  2454       1.099     71       1.763    143       2.413    286
  2458       3.635     66       6.202    132       7.034    242
  2460       1.423     66       2.094    132       3.390    264
  2463       2.545     66    -999.000    132    -999.000    242
  2472       0.689     66       0.698    132       1.235    286
  2477       1.715     66       2.982    132       5.068    264
  2482       1.054     71       1.914    143       3.000    286
  2484       1.662     66       2.879    132       4.019    242
  2485       1.014     71    -999.000    143       0.587    264
  2495       0.772     66       1.336    132       2.148    264
  2496    -999.000     66    -999.000    132       1.083    242
  2500       1.431     66       2.456    132       5.280    264
  2502    -999.000     60       1.447    121       2.054    242
  2504       3.567     60    -999.000    121       1.409    242
  2508       0.779     60       0.944    121       1.410    242
  2510       0.914     66       1.627    132       2.322    242
  2512       1.456    195    -999.000   -999    -999.000   -999
  2523       1.849     66       3.158    132       1.898    264
  2528       0.762     60       1.040    121       1.390    242
  2529       1.030     66       1.114    132    -999.000    264
  2530       1.982     66       3.614    132       4.943    242
  2533      11.166     66      19.408    132      32.799    264
  2541       1.377     66       2.302    132       3.629    264
  2542       1.892     71       3.547    143       6.231    308
  2551       0.879     66       1.227    132       1.990    242
  2560       0.984     71       1.584    143       2.892    286
  2564       2.217     66    -999.000    132       1.436    264
  2569       1.163     71       2.129    143       2.490    264
  2570       2.759     66       4.683    132       7.939    242
  2581       2.109     66       3.253    132       3.549    264
  2586       8.272     71      12.868    143      17.948    286
  2589       0.818     66       1.032    132       1.291    264
  2593       2.000     71       3.698    143       6.423    286
  2597       1.636     66    -999.000    132       0.740    242
  2603       2.241     66       4.254    132       6.178    264
  2606       2.115     66       3.920    132       5.670    264
  2608       1.279     66       2.033    132       2.125    264
  2610       1.658     66       2.971    132       2.727    264
  2615       1.682     66    -999.000    132       0.481    264
  2633       1.310     71       1.315    143       1.413    286
  2636       0.885     66       1.458    132       1.723    264
  2641       0.557     71       0.601    143       1.126    286
  2649       2.045     66       1.250    132       1.330    264
  2662       1.691     66       2.887    132       4.814    264
  2663       0.881     60       1.268    121       1.843    264
  2665       1.578     71       2.851    143       3.594    286
  2671       0.546     71       0.829    143       1.269    264
  2679      14.773     66    -999.000    132      14.977    264
  2680       0.892     71       1.590    143       2.133    286
  2690       2.379     66    -999.000    132       1.361    242
  2691       0.792     71       0.876    143       1.469    286
  2693    -999.000     71       1.175    143       0.950    286
  2695       0.803     66       0.758    132       1.249    264
  2696       1.289     66       2.280    132       3.595    264
  2700       3.496     71       6.639    143      13.150    286
  2701    -999.000     66    -999.000    143       1.120    242
  2703       3.009     71    -999.000    143       4.713    264
  2711       1.396     66       2.165    132       3.663    264
  2725       0.474     66       0.616    143       1.220    264
  2729       1.023    258    -999.000   -999    -999.000   -999
  2748       1.411     71    -999.000    143       1.133    264
  2749       1.577     66       2.818    132       4.739    242
  2750       0.686     71       1.064    143       1.741    286
  2751       0.538     71       0.771    143       1.105    286
  2753       1.402     66       2.339    132       3.769    264
  2755       1.364     66    -999.000    132       0.980    242
  2760       1.103     66       1.902    132       2.447    264
  2770       0.860     71       1.315    143       2.280    264
  2774       0.771     71       0.989    143       1.399    286
  2775       0.531     71       0.755    143       1.385    286
  2776       0.446     66       1.106    132       0.962    264
  2780       1.622     71       2.732    143       5.248    286
  2788       2.060     66       2.600    132       2.258    286
  2790       4.364     66       8.095    132      14.239    264
  2797       9.099     66      16.951    132      30.250    264
  2798      20.817     66      40.870    132      69.958    264
  2801       1.113     71       0.776    143       0.542    264
  2812       7.427     66       9.695    132      12.481    264
  2821       1.910     71    -999.000    143       1.255    264
  2825       0.560     77       0.722    154       1.050    308
  2828       0.833     66       1.483    132       1.519    264
  2831      38.937     66      71.829    132     129.063    264
  2834      10.851     60      11.792    121       9.992    264
  2843       1.893     66       3.031    132       3.784    264
  2846       1.338     71    -999.000    143       0.797    286
  2848       0.635     71       0.926    143       1.444    286
  2849       0.514     66       1.070    143       1.234    286
  2850       0.737     66       1.095    132       1.360    242
  2851    -999.000     66    -999.000    132       1.050    264
  2852       6.361     66      11.914    132      19.989    264
  2855       8.993     66      16.391    132      27.727    286
  2856      15.207     71      28.185    143      35.647    286
  2857       0.606     71       0.557    143       1.304    286
  2860       2.920     66       2.563    132       3.394    264
  2862       1.051     60       1.256    121       2.116    264
  2864       0.697     66       1.151    132       1.750    264
  2873       1.576     71    -999.000    143       0.787    264
  2879       1.517     60    -999.000    132       0.901    242
  2880       3.626     66       6.405    132       9.981    286
  2892       2.102     66    -999.000    132       1.351    264
  2898       0.567     66       0.797    132       1.750    264
  2910       1.351     71    -999.000    143       0.754    264
  2913       1.557    273    -999.000   -999    -999.000   -999
  2916       1.543     66       2.263    132       1.712    242
  2917    -999.000     71    -999.000    143       7.333    264
  2919       1.250    315    -999.000   -999    -999.000   -999
  2929       7.218     60       9.925    121      17.736    264
  2933      11.000     66    -999.000    132       6.883    264
  2945       1.642     66       2.812    132       4.011    264
  2947       0.686     66       1.053    132       1.326    264
  2948       0.717     71       1.159    143       1.479    264
  2950       1.383     71       2.401    143       3.150    242
  2961       0.805     66       1.112    132       1.640    242
  2964       1.472     66    -999.000    132       0.898    264
  2966       1.273     66    -999.000    132       0.983    286
  2977       2.546     66    -999.000    132       2.848    264
  2978       8.098     60       6.518    121       2.612    264
  2980       0.867     66       1.441    143       2.098    264
  2987       1.561     66       1.061    132    -999.000    264
  2988       6.647     71       7.308    143       3.885    286
  2990       0.525     71       0.823    143       1.080    286
  2992    -999.000     71    -999.000    143       1.378    286
  2993       5.349     66       6.661    132      11.504    264
  2994      12.233     71      23.017    143      33.699    286
  2995       4.751     66    -999.000    132       2.561    264
  2998       1.312     71       2.180    143       2.231    264
  3001       3.974     71       7.142    143       9.486    286
  3003       2.523     66       4.794    132       7.962    264
  3005       1.046     66       2.005    132       3.492    264
  3011       1.490     71       2.513    143       3.087    286
  3012       1.321     66       2.207    132       2.572    264
  3015       2.045     66       3.211    132       3.871    264
  3016       0.006     66       0.006    132       1.019    264
  3017       1.180     71       1.660    143       2.958    286
  3027       2.422     71       0.006    143       0.885    264
  3028       1.744     66       2.076    132       1.098    264
  3029       1.167     66       1.652    132       2.030    264
  3030       2.017     66       2.719    132       2.644    264
  3035       5.887     71      11.384    143      18.280    242
  3036       0.859     66       1.159    132       1.913    264
  3037       1.718     71       1.217    143       0.692    286
  3040       2.056     71       3.580    143       6.035    264
  3042       5.245     66       9.642    132      15.473    286
  3044       1.211     71       1.133    143       1.780    286
  3051       1.056     71       0.643    143       0.423    286
  3055       1.532     66       2.635    132       3.091    264
  3066       1.928     66       0.006    132       1.102    264
  3071       1.081     71       1.642    143       3.035    308
  3072       0.886     66       1.339    132       2.880    264
  3084       2.226     71       3.904    143       4.420    286
  3085       1.518     66       2.437    132       2.780    264
  3088       0.006     66       0.006    132       1.614    264
  3089       3.767     66       5.524    132       9.352    264
  3091       1.000     71       1.734    143       2.629    264
  3093       2.162     66       3.645    132       5.068    264
  3096       2.256     66       4.162    132       5.928    264
  3099       4.749     77       6.875    154       9.465    286
  3102       1.280     66       2.209    132       3.773    264
  3103       0.933     71       1.289    143       2.318    264
  3109       1.363     66       2.145    132       3.197    242
  3110       4.636     66       5.906    132       9.458    242
  3113       4.641     71       6.507    143      10.003    286
  3114       0.778     66       1.424    132       1.667    264
  3118       0.510     66    -999.000    132       2.186    264
  3119       0.716     77       1.054    143       1.647    286
  3120       1.339     71       2.096    143       1.857    286
  3121       1.251     71       1.887    143       2.028    286
  3127       0.454     71    -999.000    143       1.101    264
  3128      10.324     71      19.976    143      38.692    264
  3130       0.710     77    -999.000    154       1.146    286
  3132       0.989     77       1.478    154       1.646    286
  3136    -999.000     71    -999.000    143       1.007    264
  3137       0.764     66    -999.000    132    -999.000    242
  3139       0.591     71    -999.000    143       1.510    264
  3142       3.272     66       3.617    132       3.227    286
  3146    -999.000     66    -999.000    132       1.023    264
  3152      21.002     71      19.473    143      12.238    286
  3153       0.813     77       1.460    154       1.981    308
  3155       2.329     71       4.328    143       6.748    286
  3156       0.635     66    -999.000    132       1.523    264
  3160       1.070     71       1.614    132       1.701    286
  3164       0.760     71       1.164    143       1.699    286
  3166       0.818     71       1.131    143       1.308    286
  3168    -999.000     71    -999.000    143       1.572    264
  3173      16.137     66      11.035    132       6.500    264
  3174       0.693     71    -999.000    143       1.500    286
  3177       1.505     66       2.691    132       3.227    242
  3193       0.648     66    -999.000    132       1.682    242
  3212       1.615     60    -999.000   -999    -999.000   -999
  3217       0.947     55       1.533    110       2.305    220
  3218       0.266     60    -999.000    121    -999.000    242
  3220       0.605     60    -999.000    121       1.174    242
  3227      13.819     55      24.105    110      34.759    220
  3237       1.413     60       1.965    121       3.719    242
  3241       8.367     60      13.565    121      18.723    220
  3245      13.451     55      22.787    110      36.359    220
  3246       0.675     55       1.023    110       1.473    242
  3247       1.439     60       2.302    121       3.360    264
  3248       1.410     60       1.708    121       1.347    242
  3251       1.432     60       2.035    121       3.041    220
  3253      13.935     55    -999.000   -999    -999.000   -999
  3255       6.417     60      11.600    121      13.207    220
  3256       1.403     55       2.534    110       4.491    242
  3257       2.384     49       4.371     99       7.162    198
  3278       0.687     45       1.178     90       2.005    180
  3280       0.624     45    -999.000     90       1.050    180
  3286       1.574     54       1.056    108       0.782    198
  3290       8.579     54      16.610     99      29.514    216
  3292       0.661     45       1.056     90       1.283    180
  3293       1.311     45    -999.000     90    -999.000    198
  3294       2.899     45       4.957     90       5.121    198
  3297       5.350     54       4.141    108       2.591    198
  3308       4.740     49       0.749     99    -999.000    180
  3319       1.631     49       2.589     99       2.526    198
  3320       0.983     49       1.436     90       2.333    180
  3321       1.047     45       1.290     90       1.583    180
  3323       2.327     45       2.593     99       2.683    180
  3324    -999.000     49    -999.000     99       4.813    216
  3330       9.035     45      13.277     90      20.522    180
  3335       1.190     49       1.434     99       1.561    198
  3338       1.722     54    -999.000    108    -999.000    216
  3339    -999.000     45       1.011     90       0.995    180
  3340       2.498     54       1.254    108       1.991    198
  3342       0.255     45    -999.000     90       1.011    198
  3345       4.224     58       8.033    117      12.863    252
  3349       0.193     49    -999.000     99       1.914    216
  3350       1.132     49       1.455     99       2.078    180
  3351       3.803     49       4.834     99       5.955    198
  3356       1.386     49       2.418     99       2.707    198
  3357       0.592     49    -999.000     99       1.030    198
  3358       0.916     49       1.385     99       2.505    198
  3359       3.792     49       4.036     99       1.985    198
  3369    -999.000     54    -999.000     99       1.111    216
  3370       0.777     45       1.327     90       1.589    180
  3378       0.805     54       1.250    108       1.782    198
  3379       1.320     54       2.368    108       1.977    198
  3384       1.130     54       0.620    108       0.788    216
  3406       0.669     84       1.195    168       1.050    560
  3407       1.203     90       2.070    180       1.970    480
  3408       7.449     84      13.279    168      12.577    520
  3410      11.353     78       7.958    156       4.046    520
  3415       5.627     72      10.699    144      10.171    560
  3416       0.819     90       1.470    168       0.970    520
  3431       0.010     78    -999.000    156    -999.000    520
  3437       1.082     45       1.211     90       0.789    198
  3439       1.571     49       2.571     99       5.808    198
  3441       0.493     63    -999.000    126       1.097    216
  3448       1.522     45       2.739     90       4.294    180
  3458       0.068     67    -999.000   -999    -999.000   -999
  3465    -999.000     63    -999.000    135       1.123    234
  3472       0.974     49       1.391     99       1.965    198
  3476       1.143     49       1.269    108       1.202    198
  3477    -999.000     63       0.887    108       1.393    234
  3485       0.884     45       1.222     90       1.450    180
  3487       1.074     54       1.111    108       1.023    234
  3488       9.688     49      16.424     99      15.667    198
  3489       6.686     45      12.588     90      20.772    198
  3491      17.216     49      32.754     99      49.626    216
  3503       1.094     45       1.756     90       2.139    180
  3505    -999.000     78       0.928    156    -999.000    336
  3509       0.926     84       1.544    168       1.890    336
  3510    -999.000     78       0.925    168       1.670    336
  3511       1.471     90       2.442    180       3.363    336
  3512       2.615     90       4.872    180       8.717    288
  3515       0.623     84       1.071    168       1.406    288
  3516       3.808     90       4.739    180       6.908    288
  3527       0.931     66       1.495    132       2.914    312
  3528       0.617     78    -999.000    156       1.128    312
  3530       1.334     84       2.126    168       2.039    288
  3552       0.741     78       1.157    156       1.307    312
  3567       1.074     90       1.795    180       2.308    312
  3569       3.092     84       5.840    168       7.693    312
  3580       0.535     78       1.019    156       0.950    520
  3588       1.249     96       2.079    192       2.086    600
  3606       1.563     84       2.455    168       2.471    520
  3608       1.380     84       2.238    168       2.234    440
  3611       1.018     84       1.489    168       1.411    560
  3618       1.166     72       1.833    144       1.844    400
  3634       1.736     78       3.105    156       3.388    520
  3640       1.845     90       0.839    180       0.403    440
  3642       3.166     90    -999.000    180       1.317    440
  3649       2.786     72       4.878    144       5.357    560
  3654       1.785     84       3.046    168       3.057    600
  3655       0.889     78       1.322    156       1.479    520
  3663       3.457     78       5.857    156       4.930    480
  3664       1.470     96       2.661    192       1.923    560
  3709       1.167    442    -999.000   -999    -999.000   -999
  3711       0.485    390       3.548    180       4.022    408
  3722       0.795    180       2.695    216       2.236    360
  3735       3.090    180       6.763    216       4.035    432
  3736      11.132    190      10.004    228       9.357    456
  3737       2.279    160       1.603    192       1.729    408
  3742       0.335    170       1.191    204       1.016    408
  3745       1.375    170       3.569    204       4.904    384
  3751       1.078    180       2.472    216       2.625    408
  3765      15.347    170      50.234    204      87.936    408
  3766       0.568    180       1.725    216       2.146    432
  3768       0.451    190       1.201    228       1.412    432
  3770       2.231    190       2.447    228       1.963    432
  3773       0.322    180    -999.000    216       1.146    408
  3776       2.517    170       7.358    204      11.914    408
  3779       0.702     88       1.306    176       1.638    352
  3782       1.484     93       0.904    187       0.765    374
  3799       0.778     99    -999.000    198    -999.000    396
  3800       0.807     99       1.165    198       1.470    352
  3801       0.948     99       1.529    187       1.601    374
  3803       1.011     93       0.497    209       0.285    374
  3807       1.121     99       1.475    198       2.136    396
  3814       3.001    104       4.655    209       5.371    396
  3819       1.037     93       1.764    187       2.797    396
  3840       0.667     99       1.061    198       1.111    396
  3843       1.583     82       2.758    165       3.326    364
  3853       0.994     60       1.841    121       2.105    392
  3860       2.382     66       4.104    132       5.643    392
  3864       0.566     77       1.083    154       1.000    392
  3867       1.232     71       1.455    143       0.742    420
  3868       1.141     71       0.475    143       0.272    420
  3870       8.817     82      16.950    165      18.655    364
  3871       1.000     66       1.776    132       1.845    420
  3875       2.312     82       4.285    165       5.039    364
  3879       1.595     66       2.754    132       3.881    336
  3888       3.848     71       3.578    143       3.035    286
  3890       1.062     71       1.594    143       1.822    286
  3891      12.312     71      18.562    143      25.420    286
  3892       2.074     71       3.759    143       5.493    264
  3893       3.619     66       6.587    132      11.629    264
  3894       0.512     71    -999.000    143    -999.000    286
  3895       0.656     71       1.175    143       1.189    286
  3899       0.576     71    -999.000    143       1.343    286
  3900       1.883     71       3.082    143       4.472    286
  3901       0.628     66    -999.000    143       1.479    286
  3902       7.711     71       4.406    143       4.472    264
  3903       1.500     66       1.475    132       1.117    264
  3904       1.225     71    -999.000    143    -999.000    286
  3909       2.945     66       5.521    132       6.258    264
  3910       1.924     66       1.167    132    -999.000    286
  3911       1.200     71       1.274    143       1.818    286
  3912       3.644     71       7.007    143      13.280    264
  3913       1.428     66       2.205    132       3.822    264
  3915       0.393     71    -999.000    143       1.014    264
  3916       1.617     66       2.676    132       5.150    286
  3917       1.213     77       1.903    154       3.201    286
  3919       1.197     71    -999.000    143       1.261    264
  3921       3.938     71       6.690    143       4.944    286
  3926       0.930     71       1.169    143       1.801    286
  3929       4.823     66       8.960    132      15.076    264
  3930       9.030     71      16.723    143      29.378    264
  3936       3.979     66       7.391    132       9.239    264
  3939       1.674     71       3.022    143       4.087    286
  3940       2.856     66       4.198    132       2.314    264
  3941       0.569     71    -999.000    143       1.104    308
  5415       1.449     71       2.447    143       3.538    264
  5416       1.481     71       2.300    143       2.930    264
  5417       4.348    152    -999.000   -999    -999.000   -999
  5419       3.803     71       6.463    143       5.923    286
  5420       0.561     71       0.681    143       1.143    264
  5421       2.485     71       4.185    143       5.031    286
  5423       0.940     71       1.491    143       1.685    286
  5427       1.932     66       3.136    132       5.686    286
  5428       1.365     66       2.251    132       2.958    264
  5429       2.252     71       3.651    143       6.566    286
  5433       2.899     77       5.299    154       8.909    308
  5434       0.875     71       1.483    143       1.832    264
  5448       1.352     71       2.221    143       2.979    264
  5450       4.838     66       7.939    132       8.405    264
  5451       4.988     66       9.640    132      17.508    286
  5454       1.078     77       1.905    154       2.591    308
  5458       1.065     77    -999.000    154    -999.000    308
  5459       1.296     71       1.258    132       0.720    264
  5464       3.713     71       5.738    143       6.619    264
  5466       0.788     66       1.228    132       1.330    286
  5469       3.212     66       3.114    132       3.261    264
  5470       7.770     66      11.614    132      17.098    264
  5471       3.193     71       4.996    143       7.934    264
  5472       1.728     71       2.825    143       3.734    286
  5473       3.998     71       7.249    143       9.556    308
  5475       3.108     71       4.853    143       5.937    264
  5476       2.717     71       4.583    143       6.531    264
  5477      25.418     71      36.537    143      49.106    264
  5478       2.948     77       5.573    154      10.357    286
  5479       2.888     71       5.311    143       9.276    286
  5480       0.894     66       1.393    132       2.405    286
  5482       1.031     71       1.632    143       1.804    286
  5484       2.468     71       4.518    143       8.538    286
  5485       0.380     71       0.429    143       1.031    286
  5486      10.643     71      19.305    143      34.650    286
  5489       9.217     71      17.346    143      31.287    286
  5490       0.976     66       1.410    132       1.955    286
  5491       2.097     71    -999.000    143       1.304    264
  5492       1.134     66       2.064    132       3.159    286
  5495       1.647     71       2.775    143       4.615    242
  5496       3.273     77       1.623    154    -999.000    286
  5497       2.193     71       0.956    132       2.621    264
  5498       0.728     71       1.105    143    -999.000    286
  5502       5.211     71       2.615    143       1.385    264
  5503       0.599     66    -999.000    132       1.417    264
  5504       2.311     71       4.104    143       2.633    286
  5507       0.523     66       0.615    143       1.053    264
  5509       2.129     71       1.029    143       3.186    264
  5513       0.532     71       0.589    143       1.018    264
  5515       1.066     71       1.684    143       2.531    286
  5516       0.643     71       0.909    143       1.287    286
  5518       2.678     66       5.036    132       8.462    264
  5526       4.014     49       6.143     99       9.763    198
  5528       2.540     49       3.365     99       3.745    198
  5533       4.170     54       6.837    108       5.375    216
  5536       1.183     49       0.667     99       0.338    198
  5537       0.886     49       1.404     99       1.066    198
  5538       0.757     45       1.192     90       2.021    180
  5539       0.963     67       1.395    135       1.530    270
  5541       1.074     58       1.707    117       3.372    216
  5542       1.082     54       1.789    108       2.692    216
  5545       2.830     58       5.270    117       7.170    252
  5546       1.019     58       1.274    117       1.415    234
  5548       5.021     49       9.472     99      11.874    180
  5551       0.661     49       1.093     99       1.440    198
  5555       0.801     54       1.055    108       1.292    216
  5559       0.864     49       1.423     99       1.682    198
  5560       1.156     45       1.253     99       1.263    180
  5562       4.092     45       2.843     90       1.072    180
  5563      14.052     49      24.880     99      27.700    198
  5564       9.444     49       3.907     99       3.485    198
  5565       0.770     49       1.010     99       1.045    216
  5566       1.113     49       1.933     99       3.126    198
  5567      16.880     49      30.842     99      45.985    216
  5568      18.748     49      34.586     99      48.192    198
  5569       0.785     45    -999.000     90       1.572    180
  5571       2.139     54       3.547    108       3.199    216
  5572       4.310     63       2.775    126       1.786    234
  5573       0.481     54       0.787    108       1.204    216
  5574       1.116     49       1.971     99       1.995    198
  5576       1.222     45       1.122     90    -999.000    180
  5575       7.447     54      11.623    108      12.662    216
  5581       0.483     58       0.593    117       1.047    234
  5585       1.758     49       2.620     99       2.409    216
  5589       0.855     66       1.354    132       2.189    286
  5590       0.977     66       1.370    132       2.186    264
  5591       3.253     66       5.775    132      11.993    264
  5597       2.426     66       3.782    132       4.689    286
  5592       1.578     82       1.473    165    -999.000    330
  5599       3.404     71       4.056    143       5.108    286
  5601       4.967     71       9.079    143      17.724    286
  5603       1.557     66       2.272    132       2.727    286
  5604       3.436     71       6.350    143      10.472    286
  5605       0.822     71       1.276    132       2.951    264
  5606       2.083     71       3.678    143       5.098    286
  5608       1.178     77       1.967    154       2.558    286
  5610       0.713     66       1.224    143       1.117    264
  5614      45.131     71      83.755    143     140.705    286
  5618       1.169     71       1.448    143       2.385    286
  5621      21.113     77    -999.000   -999    -999.000   -999
  5624       1.916     77       3.431    154       4.312    264
  5629       7.717     66      13.589    132      23.333    264
  5628      10.133     71      18.851    143      29.133    286
  5627       0.662     66       1.058    143       1.745    264
  5632       1.042     71       1.634    143       2.997    286
  5633       2.358     71       1.345    143       1.441    286
  5634       4.104     77       7.644    154       7.114    308
  5637       1.634     71       2.785    143       4.059    264
  5640       1.000     77       1.816    154       2.497    308
  5644       5.278     77       9.956    154      15.679    286
  5645       1.217     66       1.950    143       3.514    264
  5654       5.449     71      10.245    143      19.601    286
  5655       1.458     71       2.158    143       3.280    286
  5664       0.537     82       1.067    165       1.125    336
  5667       1.162     82       1.725    165       1.414    364
  5697       2.824    229    -999.000   -999    -999.000   -999
  5693       1.525     77       2.616    154       3.125    392
  5706       0.939     77       1.450    154       1.924    392
  5711      16.289     82      30.097    165      25.076    392
  5715       0.964     77       1.515    154       1.793    420
  5718       0.670     82    -999.000    165       1.133    364
  5719       0.996     77       1.662    154       2.170    364
  5723       0.418     71       1.161    143       0.731    420
  5725       4.003     77       3.911    154       2.969    336
  5730       0.636     66       1.182    132       1.137    336
  5733       1.364     66    -999.000    154       1.348    336
  5736       0.675     77    -999.000    154       1.133    364
  5773       6.827     77      12.683    154      18.008    392
  5867       2.491     98    -999.000   -999    -999.000   -999
  5890       0.868     77       1.214    154       1.202    364
  5955       2.672     77       4.768    154       3.870    392
  5989      40.453     77      63.376    154      51.288    392
  5992       1.548    146    -999.000   -999    -999.000   -999
  5983       0.793     71       1.338    143       1.423    448
  5995       3.876     98    -999.000   -999    -999.000   -999
  6104       1.044     71       1.583    143       2.724    264
  6082       1.841     71       3.330    143       2.481    420
  6083       2.041     77       3.798    154       3.510    336
  6090       2.632     71       4.579    143       5.052    420
  6091       1.792     77       2.439    154       3.541    420
  6096       1.463     82       1.318    154       1.155    364
  6098       1.697     77       2.516    154       2.974    392
  6100      12.149     71      23.844    143      32.324    336
  6101       0.860     71       1.424    143       1.409    420
  6105       1.623     77    -999.000    154    -999.000    308
  6109       0.595     71    -999.000    132       1.066    264
  6113       8.507     71      11.231    143      13.472    308
  6115       2.020     71       3.747    143       5.343    264
  6118       0.808     71       0.989    143       1.497    264
  6119       0.868     77       1.263    154       2.010    308
  6120       1.688     77       1.318    154    -999.000    308
  6124      38.158     71      49.106    143      73.388    286
  6125       1.149     71       1.664    143       2.829    286
  6128       1.200     66       1.925    132       2.943    286
  6131       1.056     71       1.746    143       1.951    286
  6134       1.111     66       1.705    132       1.674    242
  6135       1.123     71       1.572    143       3.185    286
  6137       0.510     71    -999.000    143       1.420    286
  6144       2.289     77       1.742    154       2.476    308
  6139       0.736     71       1.027    143       1.395    286
  6141       1.739     66       2.956    132       4.231    264
  6145       2.160     71       3.802    143       2.021    286
  6147       1.239     71       2.122    143       3.150    286
  6148       0.742     71       1.332    143       2.294    264
  6149       0.553     82       0.695    154       1.003    286
  6153       1.657     71       1.958    143       1.448    286
  6151       1.733     66       2.168    132       1.572    264
  6152       0.822     71       1.355    143       2.245    308
  6159       1.453     71       2.613    143       5.031    286
  6158       1.001     71       1.545    143       1.695    264
  6160       0.894     77       1.363    154       2.143    308
  6165       0.413     71    -999.000    143       1.182    286
  6166       1.682     88       1.324    176    -999.000    352
  6167       0.953     71       1.535    143       3.178    286
  6168      18.185     71      32.086    143      43.755    264
  6176       0.660     71    -999.000    143       1.441    286
  6189       1.232     84    -999.000   -999    -999.000   -999
  6190       0.759     77       1.283    154       2.101    286
  6186       0.894     71       1.530    143       2.692    286
  6188       0.700     71       1.238    143       1.700    286
  6194       1.988     71       3.564    143       4.745    286
  6198      69.987     71     128.780    143     158.287    286
  6204       1.423     71       0.636    143       0.448    286
  6212       0.774     71    -999.000    143       1.402    286
  6209       1.318     66       2.133    132       3.285    242
  6219       2.015     66       0.947    143       0.644    264
  6222       1.355     71       1.401    143       2.091    264
  6223       0.495     71    -999.000    154       1.227    308
  6227       0.843     66    -999.000    132       1.629    286
  6228       0.580     71    -999.000    143       1.241    286
  6230       4.909     66       2.424    132       2.265    264
  6233       0.394     71       0.161    143       1.042    264
  6234       0.665     71       1.004    143       1.517    286
  6238       1.873     71       2.118    143       1.563    264
  6241       1.493     71       2.466    143       4.472    286
  6243       1.444     66       1.994    132       2.557    264
  6251       6.269     82       8.694    165      10.506    330
  6263       7.315     71      11.223    143       6.332    264
  6266       3.833     77       7.202    154      12.253    286
  6267       0.920     82       1.218    165       1.052    286
  6272       2.069     71       3.794    143       7.185    308
  6273       0.946     71       1.338    143       1.867    286
  6269       0.527     71    -999.000    143       1.049    286
  6270       0.705     82       1.049    165       1.221    286
  6279       0.925     77       1.554    154       1.994    308
  6280       1.357     77       2.376    154       4.341    286
  6285       0.801     71       1.460    143       1.867    286
  6288       2.118     77       3.489    154       3.555    308
  6292       1.454     82       1.920    165       2.305    308
  6293      96.505     71      89.418    143      48.587    286
  6295       1.444     77       2.635    154       3.802    286
  6298       0.468     82    -999.000    165       1.030    308
  6299       2.137     71       1.221    154       1.332    308
  6300       0.520     82    -999.000    165       1.009    330
  6301       1.372     77       2.226    154       2.588    286
  6306       1.610     82       1.866    165       2.906    308
  6307       2.002     71       3.314    143       5.014    286
  6309       0.978     77       1.319    154       2.058    308
  6315       1.721     77       3.153    154       4.776    308
  6317       1.075     77       1.983    154       2.510    286
  6319       1.140     77       2.009    154       2.974    308
  6320       1.207     82       1.938    165       2.958    330
  6321       3.014     71       5.646    143       7.201    264
  6322       3.827     77       6.719    143       6.587    286
  6329       6.224     77      11.434    154      19.494    308
  6328       0.845     71       1.042    143       1.493    286
  6330       0.536     71    -999.000    143       1.224    286
  6448       0.688     77    -999.000    154       2.217    286
  6334       0.709     71    -999.000    143       1.993    286
  6335       3.341     77       6.563    154      10.110    330
  6336      15.912     77      30.118    154      40.130    308
  6339       1.195     82       1.631    154       2.442    308
  6450       0.619     77    -999.000    154       1.136    308
  6341       2.934     77       3.418    154       3.584    308
  6342       2.260     77    -999.000    143       1.026    308
  6343       1.261     88       1.040    176    -999.000    352
  6345       0.527     77    -999.000    154       1.465    286
  6347       1.195     77    -999.000    154       1.244    286
  6349       1.554     71       2.795    143       5.909    286
  6353       2.479     82       4.278    165       7.476    308
  6354       2.403     77       1.065    154       1.031    286
  6355       0.692     77       1.013    154       2.724    286
  6451       2.410     77       4.476    154      22.675    308
  6361       1.845     71    -999.000    143       1.073    286
  6372       1.442     77       1.117    154       1.231    308
  6368       8.444     77       7.860    154       5.617    308
  6375       0.942     77       1.419    154       2.539    308
  6380       1.626     82       2.868    165       4.473    308
  6385       2.337     77       3.370    154       2.682    308
  6388       0.727     77       1.143    154       1.945    308
  6390       3.811     71       5.585    132       8.003    286
  6399       2.017     71       3.355    143       3.622    286
  6396       0.616     77    -999.000    154       1.696    286
  6401       0.981     71       1.657    143       2.622    286
  6404      21.848     77      38.939    154      62.490    286
  6405       0.897     71       1.376    143       2.286    286
  6408       0.882     71       1.257    154       0.882    286
  6412       1.234     77       1.017    154       1.062    308
  6409       0.742     71       1.147    143       1.189    286
  6452       1.099     71    -999.000    143    -999.000    286
  6419       0.746     82       1.091    165       1.894    330
  6422       1.252    326    -999.000   -999    -999.000   -999
  6425       2.461     71       4.135    143       5.899    308
  6427       2.238     77       1.852    154       1.299    308
  6454       1.455     71       2.287    143       3.357    286
  6433       2.866     82       1.831    154       1.581    286
  6436      15.312     77      13.387    154       7.227    286
  6437       0.690     71       1.259    143       1.666    308
  6444       0.617     77    -999.000    154       1.273    308
  6469       2.410     71       1.091    143       1.479    286
  6472      19.083     77      33.155    154      59.851    308
  6487       0.356     71    -999.000    143       1.500    286
  6479       0.726     77       1.032    154       1.513    308
  6519       0.511     71    -999.000    143       1.747    286
  6521       1.977     77       3.197    154       3.169    308
  6522       2.596     77       4.443    154       5.779    308
  6520       0.624     71    -999.000    143       2.552    286
  6523       1.278     82       2.325    165       3.399    308
  6525       4.394     88       7.528    176      11.483    374
  6526       1.663     71       2.790    143       5.745    308
  6528       3.951     82       7.031    165      11.012    308
  6529       0.636     82    -999.000    165       1.358    330
  6527       5.340     88       9.312    176       9.821    352
  6531       0.701     82       1.006    165       1.427    286
  6533       2.669     71       4.290    143       7.315    286
  6534       1.428     71       1.700    143       3.035    286
  6535       8.153     93       7.989    187      14.254    374
  6536       0.476     77    -999.000    154       1.068    330
  6538       0.992     77       1.599    154       1.506    330
  6539       1.994     82       3.280    165       5.182    330
  6540       1.623     77    -999.000    154    -999.000    286
  6542       2.130     77       1.318    154    -999.000    308
  6544       1.338     82       1.743    165       2.897    308
  6546       3.455     71       5.584    143       5.783    286
  6547       1.286     77    -999.000    154    -999.000    308
  6551       0.603     82    -999.000    165       1.303    330
  6554       2.063     71    -999.000   -999    -999.000   -999
  6557       1.389     93       2.289    187       3.508    352
  6560      10.210     77      14.327    154      20.422    286
  6566       1.166     77       1.657    154       3.056    286
  6564       1.639     71       2.728    143       5.161    308
  6569       1.572     71    -999.000    143    -999.000    286
  6576       9.258     77      17.140    154      29.286    308
  6577       1.147     82       1.913    165       3.067    286
  6578       0.850     77       1.370    154       1.627    308
  6580       3.137     77       5.206    154       6.802    308
  6579       3.065     82       4.869    165       4.161    330
  6581      39.871     82      71.693    165      98.794    330
  6582       1.662     82       2.685    165       2.412    308
  6585       0.931     77       1.676    154       1.886    308
  6586       1.056     71       1.184    143    -999.000    286
  6589       1.378     71    -999.000    143       1.521    286
  6590       1.638     77       3.055    154       5.334    308
  6592       0.819     77       1.265    154       1.948    308
  6601       1.404     82       2.436    165       3.609    308
  6598       1.327     82       2.272    165       3.945    330
  6599       1.462     77       2.115    154       1.964    308
  6605       2.327     71       4.331    143       7.619    286
  6610       1.882     71       2.725    143       3.224    286
  6611       1.026     82       1.892    165       2.745    308
  6613       0.681     77       1.003    154       1.377    308
  6615       2.262     82       3.848    165       6.542    308
  6616       0.518     77    -999.000    154       1.107    286
  6619       1.005     88       1.420    176       2.236    330
  6620       0.970     82       1.241    165       1.958    308
  6622       0.675     77       1.150    154       1.945    308
  6630      12.914     71      24.893    143      47.343    264
  6625       1.434     77       2.550    154       3.273    308
  6634       1.405     77    -999.000    154    -999.000    308
  6635       8.270     71       8.619    143       6.955    308
  6638       2.028     82       3.138    165       4.097    352
  6640       5.100     77       2.338    154       3.935    330
  6645       2.085     82       1.018    165    -999.000    330
  6641       2.946     77       4.106    154       5.175    308
  6643       2.083     71       1.007    143       1.864    308
  6642       1.870     77       3.445    154       5.951    286
  6648       0.660     71    -999.000    143       1.343    286
  6665       5.000    169    -999.000   -999    -999.000   -999
  6666       1.547     82       2.471    165       2.055    286
  6670       1.017     77       1.529    154       1.873    286
  6671       4.702     77       3.618    154       2.828    308
  6657       1.206     71       1.875    143       3.220    286
  6676       1.313     77       2.213    154       3.244    286
  6662       0.465     71    -999.000    154       1.087    308
  6668      26.015     88       9.146    176      12.936    330
  6679       6.447     71       5.151    143       4.028    286
  6672       5.843     71      10.944    143      16.476    286
  6673       0.911     77       1.260    154       1.779    330
  6686       0.686     77    -999.000    154       2.221    308
  6693       2.197     71       1.091    143       1.559    286
  6689       2.624     82       1.112    165       1.212    308
  6690       2.200     82       1.285    165       2.061    330
  6694       2.635     77       4.368    154       7.308    286
  6696       0.526     77       1.026    154    -999.000    308
  6697       1.721     77       2.244    154       3.542    286
  6698       0.751     77       1.161    154       1.640    308
  6700       2.841     88       1.818    176       1.153    352
  6716       1.315     71       2.250    143       2.210    286
  6718       1.182     77       1.124    154    -999.000    330
  6720       0.799     77       1.093    154       1.893    308
  6702       2.500     82       3.615    165       4.430    308
  6708       2.245     77       3.731    154       6.231    308
  6753       0.811     77       1.084    154       3.192    308
  6757       0.990     71       1.613    143       1.903    308
  6762       2.027     77       2.823    154       2.662    308
  6763       2.394     77       3.988    154       5.763    308
  6767       0.784     77    -999.000    143       2.056    308
  6774       0.866     71       1.123    143       1.850    308
  6782       1.001     66       1.199    132       1.231    264
  6787       1.832     77    -999.000   -999    -999.000   -999
  6788       6.003    182       1.084   -999    -999.000   -999
  6800       4.394     66       2.227    132       1.212    264
  6796       0.485     66    -999.000    132       1.077    264
  6814       3.070     82       5.221    165       7.467    420
  6816       3.430     88       5.438    176       5.875    420
  6817       0.611     82    -999.000    165       1.093    420
  6830       1.001     77       1.413    154       1.656    448
  6831       0.595     77    -999.000    154       1.166    336
  6866       0.744     82       1.098    132    -999.000    420
  6867       0.588     82       1.285    165    -999.000    392
  6911       0.554     82    -999.000    165       1.071    392
  6914       0.522     82    -999.000    176       1.048    448
  6916       2.732     71       1.301    143       1.121    420
  6903       1.254     82       1.804    165       1.490    448
  6904      13.916    141    -999.000   -999    -999.000   -999
  6886       0.610     82       1.018    165       1.014    420
  6882       1.221     82       2.274    165       2.164    420
  6927       1.504     71       2.786    143       3.240    448
  6930       3.527     82       6.750    165       7.421    420
  6938       1.235     77       2.186    154       2.612    392
  6943       1.439     66    -999.000    165    -999.000    420
  6939       1.252     82       2.112    165       2.967    420
  6950       0.636     82       1.056    165       1.217    392
  6951       0.831     82       1.369    165       1.069    420
  6953       1.250     82       2.100    165       2.424    364
  6963      12.246     71      20.180    143      24.478    392
  6989       1.195     82       1.863    165       1.469    420
  6987       0.657     82    -999.000    165       1.133    392
  7009       4.143     66    -999.000    132       1.393    420
  7028       8.993     66      14.294    132      29.541    264
  7063       4.439     82       2.370    165    -999.000    392
  7064       0.989     88       1.552    176       1.248    364
  7078       1.299     77       1.035    143       1.209    364
  7087       1.277     82       1.966    165       2.298    364
  7108       0.881     77       1.203    154       1.368    420
  7110       0.725     88    -999.000    176       1.591    420
  7113      26.239     88      44.805    176      44.750    420
  7116       1.527     88       2.239    176       2.359    364
  7130       0.766     88       1.154    176       1.321    448
  7147       1.289     71       2.017    143       3.531    286
  7148       1.174     66       1.777    132       5.557    286
  7156       0.739     93       1.130    187       1.623    352
  7157       0.611     66    -999.000    121       1.076    286
  7159       1.104     77    -999.000    154    -999.000    286
  7167       0.808     66       1.058    121       1.450    264
  7170      14.351     71      23.731    143      44.864    286
  7172       5.115     60       8.577    121      11.120    242
  7173       2.591     66       3.369    132       3.508    264
  7183       0.474     66    -999.000    143       1.242    264
  7187       4.017     60       2.364    121       1.496    242
  7206       0.779     66       1.337    132       2.129    264
  7207       2.198     66       3.798    132       3.629    264
  7209       1.237     77       1.493    154       2.321    286
  7213       0.617     60    -999.000    121       1.339    242
  7219       0.790     66       1.251    132       2.169    264
  7230       2.217     60       3.320    121       5.223    264
  7233       0.651     66    -999.000    132       1.477    264
  7238       1.450     60       1.226    132       3.814    264
  7240      10.210     66      13.252    132      11.735    264
  7247       3.299     66       5.997    132      10.428    264
  7250       1.228     71       2.243    143       3.101    286
  7263       0.952     60       1.614    121       2.380    242
  7272       0.851     71       1.032    143       1.356    264
  7273      12.211     66       9.583    132       5.174    242
  7277       3.543     55       5.791    110       9.509    242
  7281       9.133     60       1.237   -999    -999.000   -999
  7290       3.838     66       6.889    132       6.254    264
  7292       3.369     66       1.650    132       2.064    264
  7297       0.916     71       1.196    143       1.521    286
  7295       1.959     71       3.615    143       9.614    286
  7298       1.102     71       1.829    143       2.608    308
  7301      65.936     77      97.622    154     113.435    286
  7305      12.652     66       1.053   -999    -999.000   -999
  7323       0.881     60       1.238    121       2.368    242
  7329       3.935     71       7.121    143      12.594    264
  7343      22.034     60      43.019    121      80.107    264
  7344       2.234     66       1.417    132       1.144    264
  7353      12.374     82      14.407    165       8.933    308
  7357       0.772     77       1.299    154       1.922    308
  7358       0.814     71       1.335    143       1.808    308
  7359       1.052     77       1.078    154    -999.000    308
  7360       5.765     77      10.907    154      18.938    308
  7361       0.391     77       1.322    143    -999.000    308
  7366       5.545     77       2.877    154       2.192    286
  7369       1.231     77       2.149    154       2.542    308
  7374       4.265     71       8.242    143      14.136    264
  7375       5.383     71       3.057    143       3.464    308
  7376       0.621     77    -999.000    154       1.420    286
  7379       1.188     77       2.044    154       2.474    308
  7381       0.601     71    -999.000    143       1.049    264
  7386       0.581     71    -999.000    143       1.315    286
  7390       1.606     77       2.847    154       5.584    308
  7403       1.425     77       2.550    154       4.542    308
  7430       2.223     77       3.463    154       2.766    308
  7427       6.141     71    -999.000   -999    -999.000   -999
  7433       0.722     77       1.273    154       2.016    286
  7432       0.584     71    -999.000    143       1.351    286
  7447       4.648     71       2.021    143       1.392    286
  7448       0.636     77       1.169    154       1.614    286
  7453       1.549     82    -999.000    165    -999.000    308
  7452       0.645     77    -999.000    154       1.179    308
  7457       1.561     88       2.607    176       3.713    330
  7460       0.797     77       1.236    154       2.026    308
  7472       3.301     71       4.390    143       6.087    286
  7475       2.794     71       5.348    143       9.260    308
  7481       1.808     77       2.922    154       4.464    308
  7485       0.508     71    -999.000    154       1.633    286
  7486       1.121     82       1.863    165       2.418    308
  7487       1.170     71       1.937    143       3.052    308
  7488       1.627     77       2.958    154       4.831    308
  7491      24.311     71      44.245    143      65.566    286
  7493       0.476     77    -999.000    154       1.026    308
  7495       1.076     66       1.216    132       3.416    286
  7497       1.891     71       2.887    143       2.437    330
  7496       0.702     77       1.130    154       2.390    286
  7502       1.919     77       3.496    154       5.006    286
  7503       4.222     77       7.571    154      13.383    308
  7508       2.922     77       1.675    154       1.159    286
  7509       0.714     77       1.194    154       1.506    308
  7514       2.502     77    -999.000    154       1.026    286
  7515       2.399     71       4.229    143       7.867    286
  7517       0.676     71       1.210    143       1.563    308
  7520       2.653     71       4.696    143       8.517    286
  7521       0.713     71    -999.000    143       1.329    308
  7547       4.364     77       2.338    154       2.802    286